S,euc250,euc250_err,euc350,euc350_err,euc500,euc500_err
2.1,4989,824,4709,1342,3465,864
3.0,7261,1199,6949,1167,5216,783
4.2,10405,1337,9964,1396,7244,1089
6.0,22037,3228,21510,3858,12170,1764
8.4,25787,2704,23820,3174,11446,1716
11.9,29044,2168,24402,2274,9917,2089
16.8,31574,2527,24229,3158,7540,2665
23.8,23851,1595,18652,1605,6298,675
33.6,20926,1654,15285,1448,4548,656
47.4,12653,1345,9092,1187,1143,343
67.0,8319,1337,3487,828,343,251
94.6,5780,1431,1163,630,202,230
133.7,528,532,170,273,,
188.8,1306,1084,,,,
