S,Ngts,err_low,err_high,Ngts_low,Ngts_high
100,0.207,0.186,0.233,0.021,0.026
110,0.153,0.136,0.176,0.017,0.023
120,0.102,0.088,0.121,0.014,0.019
130,0.073,0.061,0.089,0.012,0.016
140,0.056,0.047,0.072,0.009,0.016
150,0.043,0.035,0.057,0.008,0.014
160,0.035,0.028,0.047,0.007,0.012
170,0.03,0.023,0.041,0.007,0.011
180,0.027,0.021,0.038,0.006,0.011
200,0.019,0.014,0.029,0.005,0.01
250,0.011,0.008,0.019,0.003,0.008
260,0.008,0.006,0.016,0.002,0.008
270,0.005,0.004,0.012,0.001,0.007
710,0.0027,0.0019,0.0088,8.0E-4,0.0061
