S,G09_total250,G09_totalerr250,G12_total250,G12_totalerr250,G15_total250,G15_totalerr250,G09_total350,G09_totalerr350,G12_total350,G12_totalerr350,G15_total350,G15_totalerr350,G09_total500,G09_totalerr500,G12_total500,G12_totalerr500,G15_total500,G15_totalerr500
25.4,9.557,0.084,9.181,0.083,9.305,0.086,4.438,0.045,4.187,0.045,4.076,0.047,1.611,0.043,1.599,0.042,1.665,0.038
31.2,7.891,0.073,7.531,0.072,7.824,0.073,4.495,0.07,4.333,0.062,4.534,0.056,1.412,0.046,1.506,0.063,1.737,0.088
38.3,5.542,0.075,5.443,0.075,5.716,0.076,4.209,0.092,4.179,0.072,4.463,0.066,1.142,0.063,1.253,0.08,1.459,0.077
47.0,3.582,0.089,3.692,0.091,3.701,0.094,2.722,0.084,2.738,0.067,2.757,0.07,0.626,0.028,0.616,0.029,0.64,0.046
57.8,3.457,0.107,3.45,0.109,3.573,0.11,1.277,0.063,1.193,0.061,1.366,0.072,0.16,0.035,0.075,0.042,0.132,0.039
71.0,2.457,0.106,2.337,0.105,2.458,0.1,0.797,0.065,0.817,0.065,0.798,0.072,0.117,0.027,0.112,0.029,0.145,0.034
87.2,1.703,0.091,1.845,0.093,2.018,0.095,0.471,0.054,0.513,0.056,0.542,0.056,0.142,0.025,0.11,0.024,0.131,0.028
107.2,1.067,0.074,1.065,0.074,1.112,0.076,0.355,0.043,0.286,0.041,0.35,0.044,0.009,0.014,0.071,0.021,0.057,0.02
131.7,0.774,0.066,0.872,0.069,0.95,0.072,0.175,0.033,0.175,0.032,0.242,0.038,0.046,0.016,0.029,0.014,0.04,0.016
161.8,0.58,0.064,0.707,0.07,0.807,0.074,0.19,0.037,0.116,0.029,0.254,0.042,0.037,0.017,0.039,0.017,0.07,0.022
198.7,0.557,0.071,0.687,0.079,0.691,0.078,0.085,0.028,0.149,0.037,0.222,0.045,0.026,0.016,0.026,0.015,0.043,0.02
244.2,0.677,0.091,0.639,0.088,0.603,0.084,0.23,0.053,0.157,0.044,0.189,0.047,0.06,0.027,0.024,0.017,0.059,0.027
300.0,1.522,0.157,1.452,0.156,2.284,0.19,0.38,0.08,0.461,0.087,0.614,0.1,0.016,0.016,0.132,0.046,0.162,0.051
