log(S),log(latetype),log(unlensed),log(lensed)
-8.0,-112.14183025202915,-112.44286024769313,-112.44286024769313
-7.972,-112.09983025202915,-112.40086024769313,-112.40086024769313
-7.944,-112.05783025202915,-112.35886024769313,-112.35886024769313
-7.916,-112.01583025202915,-112.31686024769313,-112.31686024769313
-7.888,-111.97383025202915,-112.27486024769313,-112.27486024769313
-7.86,-111.93183025202916,-112.23286024769314,-112.23286024769314
-7.832,-111.88983025202916,-112.19086024769314,-112.19086024769314
-7.804,-111.84783025202915,-112.14886024769314,-112.14886024769314
-7.776,-111.80583025202915,-112.10686024769313,-112.10686024769313
-7.748,-111.76383025202915,-112.06486024769313,-112.06486024769313
-7.72,-111.72183025202915,-112.02286024769313,-112.02286024769313
-7.692,-111.67983025202915,-111.98086024769313,-111.98086024769313
-7.664,-111.63783025202915,-111.93886024769313,-111.93886024769313
-7.636,-111.59583025202915,-111.89686024769313,-111.89686024769313
-7.608,-111.55383025202916,-111.85486024769314,-111.85486024769314
-7.58,-111.51183025202916,-111.81286024769314,-111.81286024769314
-7.552,-111.46983025202915,-111.77086024769314,-111.77086024769314
-7.524,-111.43086243967885,-111.72886024769313,-111.72886024769313
-7.496,-111.39490519910585,-111.68686024769313,-111.68686024769313
-7.468,-111.35290519910585,-111.64486024769313,-111.64486024769313
-7.4399999999999995,-111.32000086607647,-111.60286024769313,-111.60286024769313
-7.412,-111.28391366965562,-111.56086024769313,-111.56086024769313
-7.384,-111.24825875309031,-111.51886024769313,-111.51886024769313
-7.356,-111.21851664474305,-111.47686024769314,-111.47686024769314
-7.328,-111.18242945282839,-111.44094594226839,-111.440904528123
-7.3,-111.14677454116747,-111.4112038248352,-111.4110784434904
-7.272,-111.11703244250018,-111.3692038248352,-111.3690784434904
-7.244,-111.0872903488817,-111.33946171191359,-111.33925117808684
-7.216,-111.0452903488817,-111.30971960363271,-111.30942268059482
-7.188,-111.01554826045654,-111.26771960363271,-111.26742268059482
-7.16,-110.98580617737339,-111.23797750012544,-111.23759289852701
-7.132,-110.95606409978518,-111.2082354015284,-111.20776177819005
-7.104,-110.91406409978518,-111.17849330798218,-111.17792926464718
-7.076,-110.88432202784921,-111.14875121963135,-111.14809530168013
-7.048,-110.85457996172728,-111.11900913662467,-111.11826050981595
-7.02,-110.81883864949748,-111.0892670591151,-111.08843404363427
-6.992,-110.7890965924753,-111.05952498726003,-111.05861594363523
-6.964,-110.75935454169412,-111.02978292122133,-111.02880385052484
-6.936,-110.7296124973326,-111.0000408611655,-110.99900694086807
-6.9079999999999995,-110.69361175878123,-110.97029880726382,-110.96921230383819
-6.88,-110.65787045957451,-110.92829880726381,-110.92726288279908
-6.852,-110.62812842860892,-110.89855675969247,-110.89748191403899
-6.824,-110.59838640463025,-110.86881471863266,-110.86770943824526
-6.796,-110.56864438783855,-110.83907268427083,-110.83794119471607
-6.768,-110.53890237843953,-110.82158863641351,-110.82033952877748
-6.74,-99.20416388610224,-110.79184662331814,-110.79058119041285
-6.712,-72.30538578154511,-110.77436261983765,-110.77298806599691
-6.684,-51.73757001533253,-110.75687864809946,-110.75539764310687
-6.656,-37.122152617537814,-110.72713667470569,-110.72565022362666
-6.628,-26.736447139717672,-110.70965275407065,-110.70806647937886
-6.6,-19.880231874173244,-110.6921688699892,-110.69048549063208
-6.572,-15.941041917853902,-110.66242694231475,-110.66074679989387
-6.5440000000000005,-13.633431935001878,-110.64494311708236,-110.64317245363057
-6.516,-13.26211902966967,-110.62745933394419,-110.62560168580619
-6.4879999999999995,-12.286633119683662,-110.60997559534488,-110.60803519925153
-6.46,-11.29971753633313,-110.60475007665549,-110.60264229336849
-6.432,-10.523223740422573,-110.59952467340676,-110.59726753455196
-6.404,-9.850662632960173,-110.59429939580004,-110.59191240549146
-6.3759999999999994,-9.242633773723595,-110.61359090959091,-110.61089692594396
-6.348,-8.686326129663327,-110.6328828612711,-110.62989149265965
-6.32,-7.737178752269105,-110.65217531721729,-110.64889503121869
-6.292,-7.310101856350914,-110.68372703840767,-110.68005584371244
-6.264,-6.920342985016796,-110.71527975086994,-110.71120878882947
-6.236,-6.562713626327018,-110.72231553224016,-110.71809697615245
-6.208,-5.964950458737712,-110.72935189710034,-110.7250019260665
-6.18,-5.692116361778245,-110.73638891520429,-110.73193133524946
-6.152,-5.243617223464137,-110.73116715411128,-110.72676413204135
-6.124,-5.035149426761723,-110.73820550888442,-110.73377281340132
-6.096,-4.699378167062602,-110.72072501407264,-110.71655757402473
-6.068,-4.4223768841072335,-110.7155047177383,-110.71152518092966
-6.04,-4.287168467064677,-110.71028499840686,-110.70653266512991
-6.0120000000000005,-4.0027171860858495,-110.6928055310829,-110.689411305081
-5.984,-3.842249062630263,-110.67532635899147,-110.67228034412123
-5.9559999999999995,-3.7056435630083464,-110.67010819220782,-110.66730519627346
-5.928,-3.587970310790122,-110.65262983543734,-110.65012166541257
-5.9,-3.485158642270055,-110.63515183842347,-110.63290204028588
-5.872,-3.3940786070448223,-110.61767422206968,-110.61564981796205
-5.843999999999999,-3.312396636520392,-110.60019700849477,-110.59837051260429
-5.816,-3.238286277430309,-110.58272022110353,-110.58106816195976
-5.788,-3.1703281787079276,-110.55298199491078,-110.5515277910506
-5.76,-3.107414821952464,-110.53550589367758,-110.53418988003729
-5.731999999999999,-3.036518246550775,-110.5180302832686,-110.51684068080591
-5.704,-2.9830802725773142,-110.50055519220867,-110.49948145153036
-5.676,-2.932554201986274,-110.47081785079965,-110.46988234612961
-5.648,-2.8844948549333695,-110.45334359590278,-110.45250884654388
-5.62,-2.8385410537202267,-110.43586993913837,-110.43512611496524
-5.5920000000000005,-2.79439593730088,-110.40613334584282,-110.40549773677516
-5.564,-2.751812515153735,-110.38866065209255,-110.38810788630376
-5.536,-2.7105817007372477,-110.35892456109717,-110.35846047428059
-5.508,-2.6705277889322767,-110.3414529155404,-110.34106078106652
-5.48,-2.6315040591092353,-110.31171737127595,-110.31140144135087
-5.452,-2.5965452921508176,-110.29424686663448,-110.29399058606579
-5.4239999999999995,-2.5588304539194686,-110.26451191746632,-110.26431478715239
-5.396,-2.5218549726783994,-110.24704265467382,-110.24689276097219
-5.368,-2.4855282398241725,-110.21730835325123,-110.21720101676775
-5.34,-2.4497707993586775,-110.19984044218228,-110.19976500808511
-5.311999999999999,-2.416292046661378,-110.17010684581878,-110.17005763966687
-5.284,-2.381263572627675,-110.15264040608308,-110.1526077425194
-5.256,-2.346648977754886,-110.12290757717089,-110.1228868229213
-5.228,-2.312397845914071,-110.10544273897828,-110.10542887148516
-5.199999999999999,-2.279602799721341,-110.07571074543971,-110.07570131312681
-5.172000000000001,-2.245817202138821,-110.04597904647869,-110.04597235999516
-5.144,-2.21323348181082,-110.02851656632193,-110.0285115964148
-5.116,-2.1798317726457794,-109.99878580275625,-109.99878216719348
-5.088,-2.1466484620966937,-109.96905536904237,-109.96905262594187
-5.0600000000000005,-2.1143384083309402,-109.95159552928604,-109.9515933765456
-5.032,-2.0814344172013137,-109.92186614298922,-109.92186448851645
-5.004,-2.049251232790158,-109.89213712605138,-109.89213582395254
-4.976,-2.0165782919587993,-109.87468024294407,-109.87467919609483
-4.948,-1.9845000835452882,-109.84495239889081,-109.84495156167922
-4.92,-1.9520176928883388,-109.81522496844687,-109.81522429461918
-4.8919999999999995,-1.920025891028225,-109.79777139620558,-109.79777084092409
-4.864,-1.8877007280473814,-109.76804527918108,-109.768044826374
-4.836,-1.8557803999810933,-109.73831962533167,-109.73831925437577
-4.808,-1.8238810362834426,-109.70859444795293,-109.70859414264928
-4.779999999999999,-1.79172389548737,-109.69114557771447,-109.69114531732083
-4.752,-1.759879751712155,-109.66142191340418,-109.66142169465935
-4.724,-1.7278229624387251,-109.6316987826866,-109.63169860046874
-4.696,-1.696024431288611,-109.6142541837642,-109.61425402670376
-4.668,-1.664239270596289,-109.58453274754325,-109.58453261604141
-4.640000000000001,-1.63228973544634,-109.55481190890865,-109.55481179836136
-4.612,-1.6005399153878794,-109.52509168502792,-109.52509159104432
-4.584,-1.5686545345550853,-109.50765315268748,-109.50765307072713
-4.556,-1.53693376400097,-109.47793488109566,-109.47793481109824
-4.5280000000000005,-1.5052214963558956,-109.44821729802352,-109.44821723868917
-4.5,-1.4734042927144877,-109.41850042326155,-109.41850037295488
-4.4719999999999995,-1.4417145091812518,-109.38791013839148,-109.38878423399268
-4.444,-1.410031329474353,-61.385581944044844,-109.37135421734976
-4.416,-1.3783543443537882,-16.634274940676224,-109.34164039069084
-4.388,-1.3466012900188051,-14.568456832796608,-109.31192737972846
-4.359999999999999,-1.3149406672179509,-14.298042117105751,-109.28221520743796
-4.332,-1.2832848480017776,-9.420491192572557,-109.26479347419817
-4.304,-1.2515702420474684,-7.376490941884683,-109.2350839676547
-4.276,-1.2199270798435846,-6.970239477513617,-109.20537540141913
-4.247999999999999,-1.1882876187950622,-6.372580094612496,-109.17566780226389
-4.22,-1.1566516367042528,-5.959944029743397,-109.1459611983064
-4.192,-1.1249729670937467,-5.456145433109499,-109.12855108996368
-4.164,-1.0933461580494708,-4.636698423946023,-108.23157402823846
-4.136,-1.0617220541010375,-4.354000667229292,-57.5959634113065
-4.1080000000000005,-1.0300649351166393,-4.153453083948724,-25.42667813713791
-4.08,-0.9984479667079629,-3.9924439649150205,-20.606330965332127
-4.052,-0.9668331046519291,-3.940202717066526,-16.7399605692376
-4.024,-0.9352202289328123,-3.887802684324497,-14.232942012425493
-3.9959999999999996,-0.9035834195805733,-3.835312835916712,-11.757105188741704
-3.968,-0.8719757744216765,-3.782729978326446,-9.982905378945068
-3.9399999999999995,-0.8403696816364318,-3.7300587323769068,-9.4439617015064
-3.912,-0.8087650651683743,-3.677452442855795,-8.85292461716827
-3.8840000000000003,-0.7771618392681225,-3.6247276331249165,-8.435179444228135
-3.856,-0.74554235695893,-3.5718376668420246,-8.006715693506628
-3.8280000000000003,-0.7139427722555624,-3.518932651075021,-7.5410025868672985
-3.8,-0.6823442968747547,-3.46604624949908,-7.105856668184331
-3.7720000000000002,-0.6507468925319685,-3.413274651613603,-6.845073903225624
-3.7439999999999998,-0.6191377396212944,-3.360702230092171,-6.638396306009933
-3.716,-0.5875430678019761,-3.308050237050566,-6.515427794388443
-3.6879999999999997,-0.5559492765437489,-3.255434855784109,-6.420577564303097
-3.66,-0.524356314824865,-3.202846441564956,-6.339948061492965
-3.6319999999999997,-0.49276414417101083,-3.1502476832927524,-6.26655284946587
-3.604,-0.4611640636244077,-3.0976348248482783,-6.198369215641179
-3.5759999999999996,-0.42957397109683404,-3.044998528866939,-6.133924065572007
-3.548,-0.397984602635128,-2.9923035139598126,-6.072184597962853
-3.5199999999999996,-0.36639588778303783,-2.939718491126654,-6.012413911341817
-3.492,-0.3348078709922629,-2.887076830628376,-5.953677433097568
-3.4639999999999995,-0.3032146426775817,-2.8344150958581564,-5.895730226644828
-3.436,-0.2716283551945761,-2.7816728538306568,-5.838326612981454
-3.4079999999999995,-0.24004272149604453,-2.7289200074474276,-5.781303620256826
-3.38,-0.20845774412370988,-2.676207134165934,-5.724589469890774
-3.3520000000000003,-0.17687350846560648,-2.6233898529105373,-5.668004047435248
-3.324,-0.1452899508881915,-2.5704482633341845,-5.611502003774956
-3.2960000000000003,-0.11370328514038898,-2.517426647704253,-5.555186383259991
-3.268,-0.08212145156313064,-2.464214123632851,-5.498975679209465
-3.24,-0.050540395806610766,-2.411089936406324,-5.442964830460003
-3.2119999999999997,-0.018960116557335496,-2.357962538566633,-5.387145096012081
-3.184,0.012619337020692817,-2.3046562718067047,-5.3314170256122955
-3.1559999999999997,0.04420046366370386,-2.2512606705023828,-5.275891250775146
-3.128,0.07577773617636997,-2.1979638913808586,-5.2205195319074305
-3.0999999999999996,0.10735414507061114,-2.1445841450476735,-5.165371465994387
-3.072,0.13892942985038578,-2.0911090571280977,-5.110474403930478
-3.0439999999999996,0.17050343963907366,-2.037721864765327,-5.055728789339475
-3.016,0.20207621635284545,-1.984153404141285,-5.0011656713857535
-2.9879999999999995,0.2336492709849109,-1.9305854403828557,-4.9465858408318715
-2.96,0.26521914499498744,-1.8770289306062806,-4.8919783868615365
-2.9319999999999995,0.29678725866983746,-1.8233969096396143,-4.837316296284819
-2.904,0.32835356331394444,-1.7697808223699831,-4.782406009861537
-2.8760000000000003,0.3599181731427911,-1.716276883422038,-4.727530680889916
-2.848,0.39148046398088204,-1.6627493672269236,-4.672576733990326
-2.8200000000000003,0.4230415275559673,-1.6092711593482767,-4.617491911493666
-2.792,0.4545989708755287,-1.5559552783192923,-4.562393945055711
-2.7640000000000002,0.4861536868749532,-1.5027423887782734,-4.5071914547635235
-2.7359999999999998,0.5177055367559198,-1.4495317528119482,-4.45185769252837
-2.708,0.549253640190986,-1.3963731821370617,-4.396514477813498
-2.6799999999999997,0.5807984530803545,-1.3430976816241031,-4.3410342872946535
-2.652,0.6123399788604839,-1.2897822777885974,-4.28553014619857
-2.6239999999999997,0.6438762458144632,-1.2364729231834994,-4.229980894148942
-2.596,0.675407903419725,-1.1830750842898419,-4.174413940677351
-2.5679999999999996,0.706934082915157,-1.1295168745117252,-4.118853361456141
-2.54,0.7384548250712077,-1.0758616233014364,-4.063286071392557
-2.5119999999999996,0.7699689831814936,-1.021926775499146,-4.007772442415059
-2.484,0.8014766242315879,-0.9679185650758605,-3.952311374320224
-2.4559999999999995,0.8329765188661298,-0.9138053125576574,-3.8969265716725006
-2.428,0.8644674248591011,-0.8596309550787534,-3.841664581291826
-2.3999999999999995,0.8959497709326989,-0.8053185684113038,-3.78645826064802
-2.372,0.9274218398365988,-0.7509518032620821,-3.7313175941609753
-2.3440000000000003,0.9588825134074167,-0.6964912259938372,-3.676181980772886
-2.316,0.9903316315385705,-0.6420419096770067,-3.621032038526119
-2.2880000000000003,1.02176754457548,-0.5876180094774553,-3.5658495352513917
-2.26,1.0531885844916997,-0.533082713266564,-3.5106325984389737
-2.232,1.0845932717770437,-0.4784252623598239,-3.4552682039234064
-2.2039999999999997,1.1159808277541872,-0.4237636466172437,-3.3997521418013217
-2.176,1.1473502803301565,-0.369045560845892,-3.3440520928881106
-2.1479999999999997,1.178696715032967,-0.314321102577146,-3.2881774091422544
-2.12,1.2100213508986493,-0.2595408041445231,-3.2321331395339117
-2.0919999999999996,1.2413209474743878,-0.20462588535223922,-3.175972421123729
-2.064,1.272592785714766,-0.14968476948956985,-3.1196566601501363
-2.0359999999999996,1.3038339471046392,-0.09470090466807958,-3.0632416398503577
-2.008,1.3350408899300503,-0.03964226659997091,-3.006733914408988
-1.9799999999999995,1.3662153069583831,0.01551224568527781,-2.950106028340629
-1.952,1.397348267187608,0.07076253085870549,-2.893397959798807
-1.9239999999999995,1.4284364389848185,0.12607701582263248,-2.8366133176543276
-1.896,1.4594796387265956,0.18140754352578514,-2.7797413175774675
-1.8679999999999994,1.490472329099961,0.23673555213242747,-2.722781830333055
-1.8399999999999999,1.521407196721879,0.29212992555885026,-2.6657475191528666
-1.8120000000000003,1.5522778773206198,0.34757853063561595,-2.6086267543227324
-1.7839999999999998,1.5830874169429987,0.40303199310988147,-2.5513980562900413
-1.7560000000000002,1.6138233728354063,0.45841978265151295,-2.494055339717913
-1.7279999999999998,1.644474863380949,0.5137222728453402,-2.436622486367683
-1.7000000000000002,1.6750441279998565,0.5690009052411639,-2.379076685176226
-1.6719999999999997,1.7055211045746173,0.6242567503919481,-2.321403025026915
-1.6440000000000001,1.7358940017878652,0.6794696694125446,-2.2635718314794233
-1.6159999999999997,1.766154425741202,0.7345696665475435,-2.205601788143523
-1.588,1.7962983186602874,0.7895997250409441,-2.1474910383978183
-1.5599999999999996,1.8263137563444818,0.8446004891367563,-2.0892371837901935
-1.532,1.8561850656030696,0.8995757514753734,-2.030869645318838
-1.5039999999999996,1.8859049670725303,0.9545799109807928,-1.9723914046307998
-1.476,1.9154647835535983,1.009635029124481,-1.9138367125121498
-1.4479999999999995,1.944844467556695,1.0647252608113589,-1.8552425061564246
-1.42,1.97403416507622,1.1199529249643396,-1.7966449812106244
-1.3919999999999995,2.0030181921855186,1.1753598456945193,-1.7381249050699183
-1.3639999999999999,2.0317857095712664,1.2309032168202951,-1.6796557522820548
-1.3360000000000003,2.0603125523863905,1.2864501374142026,-1.6212961209828431
-1.3079999999999998,2.0885839966564435,1.3421600494467691,-1.563077246954955
-1.2800000000000002,2.116593718884767,1.3980372253911082,-1.5050443362844015
-1.2519999999999998,2.1443109474624746,1.4539350244801992,-1.447199007405337
-1.2240000000000002,2.171716127992068,1.5098136024706819,-1.389579026358314
-1.1959999999999997,2.198796163403201,1.5658386134284674,-1.3321280261697919
-1.1680000000000001,2.225534755379311,1.6218558051656728,-1.274796277112339
-1.1399999999999997,2.251900553224484,1.677567092196738,-1.2175497428465916
-1.112,2.277874898209579,1.7333276252393597,-1.1602912570765656
-1.0839999999999996,2.303447454815941,1.7890639744161254,-1.1030211437307922
-1.056,2.328588543617354,1.844532318145187,-1.0456511885758513
-1.0279999999999996,2.353275574735783,1.8999431357374492,-0.9881324697937437
-1.0,2.3774982590868596,1.9554388393674795,-0.9304415831452387
-0.9719999999999995,2.401241231998417,2.010640965784089,-0.8725474342232518
-0.944,2.4244763137092287,2.065583336295035,-0.8144453195445613
-0.9159999999999995,2.4471869726249804,2.1203912452428657,-0.7561423075933735
-0.8879999999999999,2.4693743877124157,2.1745372282072903,-0.6976489439238461
-0.8599999999999994,2.4910273329974886,2.228203877565429,-0.6389706741048247
-0.8319999999999999,2.512131280484371,2.281541199582163,-0.5801378766790888
-0.8040000000000003,2.5326891015579744,2.334356345668467,-0.5211627978763986
-0.7759999999999998,2.552707766965339,2.3865382170395906,-0.46207488598192104
-0.7480000000000002,2.5721966936466054,2.4380543981169116,-0.40289911612896406
-0.7199999999999998,2.591171617016946,2.4883627999048428,-0.34365811899159976
-0.6920000000000002,2.60966273404916,2.5368754830853266,-0.28438617414151085
-0.6639999999999997,2.6277067265223097,2.5836812262141224,-0.22511025550628988
-0.6360000000000001,2.6453404641043523,2.62814958403452,-0.16584584473502254
-0.6079999999999997,2.6626249126320527,2.670709085179632,-0.10667490933463843
-0.5800000000000001,2.679640546419635,2.71207603149425,-0.04764262893952338
-0.5519999999999996,2.6964683031587904,2.75197000854584,0.011190718684983336
-0.524,2.7131972872605017,2.7898401864658227,0.06974236619485973
-0.4959999999999995,2.729938771955823,2.824694167215953,0.1279860071950206
-0.46799999999999997,2.746828195609603,2.8555595711697874,0.1858285311335274
-0.4399999999999995,2.764008797154006,2.883054723712957,0.2431491953931641
-0.4119999999999999,2.7816187496232203,2.9082598610938515,0.29976641630424317
-0.38399999999999945,2.7998150708423264,2.9321820946648267,0.3555311175884109
-0.35599999999999987,2.8187676804826327,2.955220153598091,0.41014939574456233
-0.3279999999999994,2.8386378797709524,2.976795234883508,0.4634842125907806
-0.2999999999999998,2.859565145309894,2.9970707174160833,0.515453770959661
-0.27200000000000024,2.88172634274751,3.015843686113004,0.5660183533590729
-0.24399999999999974,2.9051943298823955,3.0326119691078257,0.6152086984916013
-0.21600000000000016,2.930080030983257,3.04809381308417,0.6629418472157876
-0.18799999999999972,2.9564695855733762,3.0625969476087684,0.7089526193245239
-0.16000000000000011,2.984373213529569,3.076915926863829,0.7529337399562321
-0.13199999999999965,3.0137422955860895,3.0913613301906895,0.7946706350539159
-0.10400000000000012,3.044556502834031,3.105676145261464,0.8342191951573663
-0.07599999999999964,3.076759594220943,3.120341726598718,0.871801678759608
-0.04800000000000003,3.110150995498019,3.135453311407097,0.907694178326873
-0.019999999999999574,3.1445946169993038,3.150992699883587,0.9421356145474548
0.008000000000000921,3.1799423553049917,3.16657668663182,0.975151732742842
0.03599999999999957,3.216011641580203,3.1817707226962897,1.0067453159540412
0.06400000000000007,3.252510324906315,3.197695280060295,1.0369074382717898
0.09200000000000053,3.2892811575188134,3.2145886973494697,1.0655214140010794
0.120000000000001,3.3261344439996896,3.2314539778690787,1.0927719316414704
0.1479999999999997,3.3628478597753984,3.248196791309656,1.1188078069142682
0.17600000000000013,3.3991612104858406,3.26510263742283,1.1437700629225713
0.20400000000000063,3.434943228013499,3.2823731504171607,1.1678821747226888
0.23199999999999935,3.470014150957534,3.2993819172536063,1.191330102457427
0.2599999999999998,3.5041902402682426,3.3160863019950386,1.2141880504285405
0.28800000000000026,3.5372689346913417,3.3327121590693918,1.236605546613442
0.3160000000000008,3.569160994662011,3.3494331391422794,1.2586094720114716
0.3439999999999994,3.59973002798279,3.365970483916241,1.280209438908204
0.3719999999999999,3.6288119986425613,3.3821764904774825,1.301423199596314
0.4000000000000004,3.656286993041917,3.398054113376814,1.3222913549841513
0.4280000000000008,3.6820697002017537,3.4136500902715845,1.3428163484122175
0.4559999999999995,3.7060738590507674,3.428690774373309,1.3629575738442439
0.484,3.728146290415199,3.443242014693905,1.3827204636585995
0.5120000000000005,3.7482495599721277,3.4574359173152756,1.4020633189478726
0.5400000000000009,3.7662594689050923,3.4712743923809826,1.420931454614611
0.5679999999999996,3.7821599109015174,3.484719917850321,1.439320597337604
0.5960000000000001,3.795795623664564,3.4976027076249396,1.4572227179052195
0.6240000000000006,3.8071708955346315,3.509894754196093,1.474631500721922
0.652000000000001,3.8161620351818293,3.521603260610342,1.4916100201274627
0.6799999999999997,3.822778576200038,3.532813626066877,1.508162842384748
0.7080000000000002,3.8268859918889957,3.5436323762328077,1.5242612816813392
0.7360000000000007,3.828508355672977,3.554088594264734,1.5399283288259706
0.7639999999999993,3.827534298397998,3.564001626713998,1.5551680553895821
0.7919999999999998,3.823978318175287,3.5732132397638785,1.5699418168613537
0.8200000000000003,3.817732391744644,3.581626670934586,1.584299891389686
0.8480000000000008,3.808830716913909,3.5892917654650067,1.5982682161016166
0.8759999999999994,3.797213066038567,3.5963294151193,1.6118385502134092
0.9039999999999999,3.782839675090159,3.602747781922767,1.625022676517434
0.9320000000000004,3.765675645442667,3.608599530910587,1.637818748779553
0.9600000000000009,3.7457486563721676,3.613696159636104,1.6501743524931192
0.9879999999999995,3.7230420663860424,3.6178549563602953,1.6621078451096931
1.016,3.6974740426510215,3.621156052948805,1.6736270585222817
1.0440000000000005,3.6691066937421195,3.6237030505810717,1.6847160043766707
1.072000000000001,3.6379431684979693,3.6254520814951356,1.6953800052063106
1.0999999999999996,3.6040120436882104,3.626387693520978,1.7056038544604784
1.1280000000000001,3.567201924179408,3.626462233439117,1.7153425087472138
1.1560000000000006,3.527703487494186,3.6252769909051215,1.7245511425497804
1.184000000000001,3.4854863354477663,3.6227029346735913,1.73323280126665
1.2119999999999997,3.4406176762132477,3.6183662546885085,1.7413817887946261
1.2400000000000002,3.3930476835601486,3.612805391021174,1.7489773194895308
1.2680000000000007,3.3430638501267316,3.605830139748319,1.7560276630845186
1.2959999999999994,3.2906366572839283,3.596495503358428,1.7625013359378296
1.3239999999999998,3.2358902471909947,3.58507683667973,1.7683564723361458
1.3520000000000003,3.178979657158836,3.571434288750995,1.7735978793023077
1.3800000000000008,3.1202168441543234,3.5549610323569567,1.778224488506804
1.4079999999999995,3.059676460483962,3.5347329669209784,1.7822056506730846
1.436,2.9976844667603006,3.512099227017143,1.7855503574658111
1.4640000000000004,2.9346025934906437,3.4855025501325816,1.788230998301813
1.4920000000000009,2.8708543789804404,3.4534823775150585,1.7901508033403561
1.5199999999999996,2.806730539414357,3.4158680624927418,1.7912783342040588
1.548,2.7428715756725564,3.3723286701165134,1.7915888455314446
1.5760000000000005,2.679872927848321,3.3222956727476345,1.7910111888789766
1.604000000000001,2.6182478826561884,3.264314137391769,1.78952799264686
1.6319999999999997,2.558624903364731,3.2007271683696232,1.7870912878650733
1.6600000000000001,2.50173230647487,3.1254579945022414,1.7835955234052765
1.6880000000000006,2.4481695001870216,3.0370421012810276,1.778992863286601
1.716000000000001,2.3983239738183113,2.937861885767569,1.7732011585676164
1.7439999999999998,2.3526976216567834,2.822512170062881,1.766157808438385
1.7720000000000002,2.3115583588765527,2.6948477553412977,1.7577723437632486
1.8000000000000007,2.274973779585507,2.557280540409562,1.7479715987798938
1.8279999999999994,2.242795932116683,2.408127666228786,1.7365442065094547
1.8559999999999999,2.2149152592311796,2.2447500144230648,1.7233653412100622
1.8840000000000003,2.190966522482852,2.0651406234155916,1.7082948740446111
1.9120000000000008,2.170538568440661,1.8559877404516567,1.6913043246583912
1.9399999999999995,2.153170528786433,1.6163994848772372,1.672357213981801
1.968,2.1384823664881796,1.3501129280794621,1.6513743587709195
1.9960000000000004,2.1260078408928096,1.061783292671161,1.6283982487499007
2.024000000000001,2.1153756983473877,0.75523681534312,1.6033072333656329
2.0519999999999996,2.106253655923604,0.4287666665450337,1.576284465643038
2.08,2.0983638625312917,0.0781517859990884,1.547505233813297
2.1080000000000005,2.0914631396284102,-0.3063722468021868,1.5172661376370793
2.136000000000001,2.0853608540802915,-0.7203028746829371,1.4858875002358474
2.1639999999999997,2.079892511504417,-1.1647351749191321,1.4536395083740472
2.192,2.0749492873370956,-1.6341196755647294,1.420627446044943
2.2200000000000006,2.0704267357215453,-2.122347643583305,1.386939281972612
2.2479999999999993,2.0662466220195106,-2.634338977084443,1.35260605865752
2.276,2.0623509311098642,-3.1816813536496316,1.3175939909308036
2.3040000000000003,2.0586948660161637,-3.773966832021593,1.281805029185995
2.3320000000000007,2.0552445840674425,-4.412061965791567,1.245059023054549
2.3599999999999994,2.0519740086116154,-5.0864256104628485,1.2069554705451688
2.388,2.0488546120045816,-5.78687159349303,1.167149453229525
2.4160000000000004,2.0458771937653433,-6.506863624028241,1.125112245557206
2.444000000000001,2.0430282299263376,-7.256060755088354,1.0803580738634564
2.4719999999999995,2.040292496895307,-8.038539366102698,1.032354486978593
2.5,2.0376613421344256,-8.854135624528492,0.9806034779479188
2.5280000000000005,2.03512919429316,-9.70626653182737,0.9243979179792565
2.556000000000001,2.032691749496233,-10.593546380695466,0.8631260929871142
2.5839999999999996,2.0303454300040698,-11.504098869901759,0.7961589394275478
2.612,2.0280830506204857,-12.43984889343235,0.7229122558316619
2.6400000000000006,2.0259011201501718,-13.413941655279405,0.6428072078385326
2.668000000000001,2.0237968855440456,-14.428855402729857,0.5550872375295395
2.6959999999999997,2.021765591502209,-15.481766519213162,0.45913744635163173
2.724,2.0198053858036693,-16.577820477537117,0.3535082114265604
2.7520000000000007,2.0179144791794346,-17.70531477029761,0.2378876252422251
2.7799999999999994,2.016089830298163,-18.855113636374632,0.11122681923680129
2.808,2.014329035097446,-20.03233656108156,-0.026901561354818658
2.8360000000000003,2.0126275438554817,-21.245797045727574,-0.17668114239262686
2.8640000000000008,2.0109797617280045,-22.49606803906661,-0.3386351463416932
2.8919999999999995,2.0093863893541983,-23.779393427533623,-0.5148795371064825
2.92,2.0078454826969123,-25.100249404696022,-0.7074450650050701
2.9480000000000004,2.006355531679328,-26.44814775841932,-0.919919616947819
2.976000000000001,2.0049135649993293,-27.816114643484855,-1.1559545284616735
3.0039999999999996,2.0035116233931682,-29.21710249248845,-1.415595773944489
3.032,2.0021475229246164,-30.671822039649445,-1.697388459334046
3.0600000000000005,2.0008192785753227,-32.16763533215922,-1.999074073462952
3.088000000000001,1.9995252312512,-33.699710600612065,-2.320420838824328
3.1159999999999997,1.9982667663700966,-35.26620873049356,-2.6631961151962216
3.144,1.9970426168919369,-36.859280121053395,-3.0315992283373707
3.1720000000000006,1.995846321225237,-38.47193096554868,-3.4278521004009335
3.200000000000001,1.994675653383495,-40.11561151563856,-3.8510052461243593
3.2279999999999998,1.9935227701831695,-41.80599268100476,-4.301437643296076
3.2560000000000002,1.9923884282933977,-43.53705139492027,-4.7748128061739346
3.2840000000000007,1.9912771835187788,-45.29426463971647,-5.271785233420143
3.3119999999999994,1.9901909468730137,-47.083188686556014,-5.7958920080575345
3.34,1.9891257031646759,-48.89995194295431,-6.355462535724368
3.3680000000000003,1.9880804281052844,-50.73816312607599,-6.958410485185322
3.396000000000001,1.9870418355496529,-52.61851861351055,-7.600038575959214
3.4239999999999995,1.9860148609138744,-54.5781397368142,-8.291401532472943
3.452,1.9850001372023647,-56.62945630400229,-9.036941851247548
3.4800000000000004,1.9839991895517346,-58.84762054128594,-9.857151782576004
3.508000000000001,1.9830183707343165,-61.29073594442259,-10.783823442370881
3.5359999999999996,1.9820558203918994,-63.96688839750055,-11.846337313416969
3.564,1.9811007725273468,-67.43778940756047,-13.262191195354493
3.5920000000000005,1.980152212659587,-72.47156660535474,-15.37073558050392
3.620000000000001,1.9792046966895571,-78.30370796530808,-17.98865580316928
3.6479999999999997,1.9782661790434402,-86.08477284831773,-21.691731788356815
3.676,1.9773438910346,-94.63554507475268,-26.843598496936604
3.7040000000000006,1.9764376869516511,-94.59714143019049,-43.609432256258536
3.732000000000001,1.9755454975940647,-94.5495539418301,-87.5318516024194
3.76,1.9746579650765963,-94.50361212675038,-94.85774913924435
3.7880000000000003,1.9737693586086325,-94.45885695271795,-94.80954674346192
3.8160000000000007,1.972880891315389,-94.41441060868888,-94.76208042358579
3.8439999999999994,1.9720005158639444,-94.37075664479345,-94.71640603911604
3.872,1.9711340042539853,-94.32724249502031,-94.6710571558652
3.9000000000000004,1.9702851291180856,-94.28385591374565,-94.62600275964469
3.928000000000001,1.9694457522314157,-94.24058579643138,-94.58121515392264
3.9559999999999995,1.9686082995979919,-94.19779873668487,-94.5374926148022
3.984,1.9677640894732122,-94.1547007826596,-94.49309583473155
4.0120000000000005,1.9669198764292224,-94.11202018992094,-94.44961372132181
4.040000000000001,1.966080671939108,-94.069377930564,-94.40621758801768
4.068,1.9652583533474417,-94.02677179356238,-94.36290219450765
4.096,1.964450223800454,-93.98419970108712,-94.31966264809311
4.1240000000000006,1.9636503088452077,-93.94165969986571,-94.27649437748273
4.152000000000001,1.962847556332861,-93.89914995316761,-94.23339310890809
4.18,1.9620361165630797,-93.85666873336478,-94.19035484431735
4.208,1.9612192320925421,-93.81421441501914,-94.14737584143427
4.236000000000001,1.960410908457459,-93.7717854684545,-94.10445259549408
4.264000000000001,1.9596160832642906,-93.72938045377396,-94.06158182249051
4.292,1.9588360533259206,-93.68718649409229,-94.01916514363872
4.32,1.9580611762706681,-93.64481486020425,-93.97636736787247
4.348000000000001,1.957278196088021,-93.60246391559865,-93.93361472286328
4.3759999999999994,1.9564836059654407,-93.56029583436005,-93.89125449776762
4.404,1.9556822870232453,-93.51797375654914,-93.84856467811582
4.432,1.9548871911120118,-93.47566957544821,-93.80591372496842
4.460000000000001,1.9541059986879612,-93.43352387950206,-93.76360211692867
4.4879999999999995,1.9533370175615223,-93.39124467548308,-93.72100530008746
4.516,1.952570219015121,-93.34911093731425,-93.67871958050931
4.5440000000000005,1.9517907636267142,-93.30685463826099,-93.63617229981055
4.572000000000001,1.9509953343376187,-93.26473186673782,-93.59391027303491
4.6,1.950191264634542,-93.22249657576707,-93.55140833474661
4.628,1.9493898704251549,-93.18038386343481,-93.50916799844211
4.656000000000001,1.9486013702311897,-93.13816784355521,-93.46670757689692
4.684000000000001,1.9478221432690708,-93.09606435933213,-93.42448710391359
4.712,1.9470408681723528,-93.05386601952735,-93.38206470714783
4.74,1.9462420159053666,-93.01177100207579,-93.3398624292496
4.768000000000001,1.9454213733524754,-92.96967864887161,-93.29766587099385
4.796000000000001,1.944587186704549,-92.92750163637172,-93.25528926142657
4.824,1.943752894585475,-92.88541683298389,-93.21310889610353
4.852,1.942927064828363,-92.8433344055344,-93.17093362210294
4.880000000000001,1.942106423360101,-92.80117641236816,-93.1285977696063
4.9079999999999995,1.9412776907225497,-92.75910071833725,-93.08643691244254
4.936,1.940424258270891,-92.71702714350614,-93.0442805890067
4.964,1.9395410166199245,-92.67488611444223,-93.00198102971369
4.992000000000001,1.9386368150143056,-92.63281854590794,-92.9598375463813
5.02,1.9377261495892648,-92.59075286787305,-92.91769810159992
5.048,1.9368166524896289,-92.54862697213888,-92.87543087137578
5.0760000000000005,1.935905142057048,-92.50656665259058,-92.83330286602155
5.104000000000001,1.9349765960172387,-92.46450801975747,-92.79117845919704
5.132,1.934012269994258,-92.4223956260446,-92.74894003548881
5.16,1.9330059704645086,-92.38034177438789,-92.7068258230785
5.188000000000001,1.9319667585205527,-92.3382894278161,-92.66471481797063
5.216000000000001,1.9309090996231475,-92.29618908216608,-92.62250206886863
5.244,1.9298405253076396,-92.25414100216034,-92.58040015094251
5.272,1.928757100551813,-92.21209426531686,-92.53830109230171
5.300000000000001,1.9276413321779897,-92.17004883397458,-92.4962048121047
5.327999999999999,1.9264728255720496,-92.12796174243675,-92.45402027520834
5.356,1.9252432156402677,-92.08592001211615,-92.4119318681551
5.384,1.9239601048959096,-92.04387944698836,-92.36984593870712
5.412000000000001,1.9226372050336804,-92.00184001441457,-92.32776241695981
5.4399999999999995,1.921281934489156,-91.9597644209476,-92.28560232688177
5.468,1.9198892977945143,-91.91772819927262,-92.24352562850082
5.496,1.9184399260377187,-91.87569298853784,-92.20145107760835
5.524000000000001,1.9169100087999165,-91.83365876044952,-92.15937861372329
5.552,1.915286662328189,-91.79159314299585,-92.11723971361515
5.58,1.913574312033401,-91.7495617009341,-92.07517316484511
5.6080000000000005,1.9117854225232813,-91.70753113608275,-92.03310847789275
5.636000000000001,1.9099268339692885,-91.66550142390912,-91.99104560040472
5.664,1.9079922704919257,-91.62347254056984,-91.94898448151446
5.692,1.905958438246071,-91.58141716835102,-91.90686732323819
5.720000000000001,1.9037961770322687,-91.53939063505842,-91.86481118917224
5.748000000000001,1.9014860375519325,-91.49736484173772,-91.8227566242644
5.776,1.8990268738794345,-91.45533976771014,-91.78070358446183
5.804,1.896427513967803,-91.41331539287708,-91.7386520269589
5.832000000000001,1.8936939920941382,-91.37126866320318,-91.69655319365087
5.859999999999999,1.8908182315832793,-91.32924627092083,-91.6545058381526
5.888,1.887771394464138,-91.28722450291943,-91.61245980550108
5.916,1.8845143303312777,-91.24520334176448,-91.57041505860897
5.944000000000001,1.8810180415563245,-91.20318277051004,-91.52837156143619
5.9719999999999995,1.8772719949628762,-91.16114333227927,-91.48628817714501
6.0,1.8732780392499795,-91.11912443373171,-91.4442482229169
