z,dndz_latetype,dndz_unlensed,dndz_lensed
1.0E-4,670.9012737901475,4.718330747732979E-97,1.2267017142568867E-97
1.0286265386599822E-4,713.1140853847808,4.856133355253065E-97,1.1347777142568881E-97
1.0580725560356158E-4,757.955138717127,5.008811194554171E-97,1.0428537142568893E-97
1.0883615109660356E-4,805.5867840775787,5.177313713959827E-97,9.50929714256888E-98
1.1195175338357425E-4,856.1818594159573,5.362654394662761E-97,8.590057142568891E-98
1.1515654457986194E-4,909.9235301081815,5.565907511920442E-97,7.670817142568905E-98
1.1845307785522731E-4,967.006501647831,5.788218213756338E-97,6.75157714256889E-98
1.2184397946784386E-4,1002.3512056045693,6.030801824396833E-97,5.8323371425688744E-98
1.2533195085656616E-4,1065.188810887971,6.294952208413025E-97,4.913097142568888E-98
1.2891977079309265E-4,1131.9302722976417,6.634713059607055E-97,4.913097142568888E-98
1.326102975957373E-4,1202.8168262610632,6.943910587617968E-97,3.993857142568903E-98
1.364064714065734E-4,1278.104516363345,7.278932106244734E-97,3.074617142568888E-98
1.4031131653376543E-4,1358.0649978891608,7.641421346954308E-97,2.155377142568873E-98
1.4432794386095226E-4,1442.9870940443902,8.033128007744007E-97,1.2361371425688872E-98
1.4845955332560355E-4,1533.1770346242254,8.458995838940007E-97,3.88258571284456E-99
1.5270943646832262E-4,1589.114448310241,8.935798798372786E-97,3.422039931436853E-113
1.5708097905512731E-4,1688.3793593151147,9.458152706735342E-97,3.9610441379304256E-113
1.6157766377479678E-4,1793.7978865714176,1.0010939292581412E-96,4.5904950124635925E-113
1.662030730134356E-4,1905.7494949661389,1.0595924649400705E-96,5.326024064682198E-113
1.7096089170846255E-4,2024.6373465794004,1.1214985030155904E-96,6.186023800094843E-113
1.758549102842999E-4,2150.8882548446777,1.1870098552365106E-96,7.191855883613333E-113
1.808890276721011E-4,2284.956981830806,1.2563364559425846E-96,8.369146254736506E-113
1.8606725441592327E-4,2427.3256055442944,1.3296998973152967E-96,9.747991787059426E-113
1.9139371586781743E-4,2578.505437003777,1.4073350876905353E-96,1.1363465819150408E-112
1.9687265547438517E-4,2672.4110154912623,1.4894902427076345E-96,1.3256880627346623E-112
2.02508438157416E-4,2838.770676775511,1.5764282282736904E-96,1.5476750752404766E-112
2.0830555379130187E-4,3015.4204138446075,1.668427065843341E-96,1.8080117196162634E-112
2.1426862077999757E-4,3202.992848161798,1.765780919168175E-96,2.1133614260692483E-112
2.2040238973637725E-4,3402.1589220043297,1.8688011776876434E-96,2.4713019415370216E-112
2.2671174726691834E-4,3613.6333628476573,1.9778170425897454E-96,2.890354851138387E-112
2.332017198647269E-4,3838.175341816257,2.0931772585939393E-96,3.3806408078043188E-112
2.3987747791400884E-4,4076.5865275018787,2.215250250943882E-96,3.9541004750294873E-112
2.467443398091732E-4,4224.812822626318,2.3444265827754303E-96,4.624680162095758E-112
2.538077761918523E-4,4487.115893646895,2.481118590435198E-96,5.408843675861433E-112
2.6107341430921276E-4,4765.613032168299,2.62576361986936E-96,6.325709084502454E-112
2.6854704249702896E-4,5051.785151739008,2.7788232598304456E-96,7.397692533815247E-112
2.7623461479109405E-4,5290.23967709014,2.9407870820062288E-96,8.650964678093965E-112
2.841422556706366E-4,5482.380394139625,3.112171997971852E-96,1.0116144727062717E-111
2.922762649375266E-4,5681.451355042935,3.293525889216545E-96,1.1829135651276931E-111
3.006431227351559E-4,5887.693911358887,3.4854276525122707E-96,1.3831944629963569E-111
3.092494947109916E-4,6101.3596625785785,3.6884904426334965E-96,1.6173655202584303E-111
3.181022373269158E-4,6322.713668005138,3.903362548234019E-96,1.8911628872811358E-111
3.2720840332158186E-4,6552.031996074913,4.130730192640767E-96,2.211294569950019E-111
3.365752473291382E-4,6789.590238463727,4.371319347042989E-96,2.5856010907963736E-111
3.462102316587988E-4,7035.675614643266,4.625898029651955E-96,3.0232532285474404E-111
3.5612103223986083E-4,7290.591210851792,4.895279174256689E-96,3.534973664918238E-111
3.6631554473690796E-4,7554.650367405437,5.180322362457941E-96,4.133297203962835E-111
3.7680189084007186E-4,7828.170661946558,5.481937878137022E-96,4.832877358862009E-111
3.875884247353596E-4,8111.478905660906,5.801087801312986E-96,5.650846418597666E-111
3.9868373976020794E-4,8404.920485257268,6.138791392961474E-96,6.607232654230963E-111
4.100966752495598E-4,8708.850916624377,6.496125472238865E-96,7.725454643092365E-111
4.218363235779215E-4,9023.635382656928,6.874231210179863E-96,9.032891827628165E-111
4.339120374030096E-4,9349.648424244693,7.2743141113524275E-96,1.0561549475635254E-110
4.463334371167585E-4,9687.280171942317,7.697651515882882E-96,1.2348845265892622E-110
4.591104185096246E-4,10036.938712350557,8.145593224889625E-96,1.443850471258544E-110
4.72253160654291E-4,10399.041352573286,8.619568842395536E-96,1.6881627529363477E-110
4.8577213401505983E-4,10774.017952159269,9.121089753743846E-96,1.9737949503553827E-110
4.99678108789384E-4,11162.310542523737,9.65175600159324E-96,2.3077287658882192E-110
5.139821634881901E-4,11564.383814050958,1.021325985270736E-95,2.698131304636506E-110
5.286956937618266E-4,11980.718963293604,1.0807392131763965E-95,3.1545523095502753E-110
5.438304214786656E-4,12411.806788202266,1.143604758632022E-95,3.6881611219917497E-110
5.59398404063599E-4,12858.154108193145,1.2101230593534469E-95,4.3120172443375393E-110
5.754120441038579E-4,13320.288233986426,1.2805062557748443E-95,5.041388343437109E-110
5.918840992298164E-4,13798.761008323618,1.3549786895315722E-95,5.894118822904382E-110
6.088276922786474E-4,14294.136838740471,1.4337778727100632E-95,6.891071382702284E-110
6.2625632174893E-4,14806.991125924253,1.517154903516553E-95,8.056635854536859E-110
6.441838725545339E-4,15337.928687589358,1.605375694408132E-95,9.419327811648783E-110
6.62624627086354E-4,15887.578945863635,1.6987212929920194E-95,1.1012483300906148E-109
6.815932765906978E-4,16456.592572071004,1.7974893829588066E-95,1.2875077689448945E-109
7.011049328734053E-4,17045.627653045867,1.9019945920145878E-95,1.5052674981166942E-109
7.211751403390101E-4,17655.371546240967,2.0125701054972452E-95,1.759854643739777E-109
7.418198883745428E-4,18286.54572417858,2.129568169479377E-95,2.0574969334417375E-109
7.630556240878411E-4,18939.892116419247,2.253361694189771E-95,2.4054754136898226E-109
7.848992654105085E-4,19616.165390897906,2.3843450376955766E-95,2.8123021651018147E-109
8.073682145759741E-4,20316.15169922497,2.5229355729759312E-95,3.2879287982061355E-109
8.30480371983374E-4,21040.674196821263,2.6695747956701205E-95,3.8439896092854474E-109
8.542541504583124E-4,21790.583192964285,2.824729843865995E-95,4.4940862516392555E-109
8.787084899218575E-4,22566.738962647218,2.988894975424481E-95,5.2541203992539E-109
9.038628724794602E-4,23370.04061197952,3.162593027520661E-95,6.142682454862229E-109
9.297373379418169E-4,24201.425216894633,3.346377315285586E-95,7.181506633228935E-109
9.563524997900373E-4,25061.85599317341,3.5408330156523955E-95,8.396001763879835E-109
9.837295615978475E-4,25952.32446807266,3.7465795462784895E-95,9.815873799280428E-109
0.0010118903339238954,26873.854941926977,3.9642718551855396E-95,1.1475850699240112E-108
0.0010408572516876313,27827.51442271505,4.19460334479668E-95,1.341653389707196E-108
0.00107065339204259,28814.39882518239,4.438307057650102E-95,1.5685388320770377E-108
0.0011013024927613382,29835.638243886973,4.696159157394249E-95,1.833790672761321E-108
0.0011328289711467054,30892.399561209953,4.9689802095288354E-95,2.1438962751855535E-108
0.0011652579434843844,31985.887692479824,5.257638886403633E-95,2.506440142169511E-108
0.0011986152450523915,33117.35250072353,5.5630537511987326E-95,2.93028899043934E-108
0.0012329274507033277,34288.0808988249,5.886197005706088E-95,3.425808948754545E-108
0.0012682218960358399,35499.398722984246,6.228096894914E-95,4.00511871092847E-108
0.0013045266991721458,36752.67729553767,6.58984148140004E-95,4.682386150949735E-108
0.0013418707831589763,38049.32954552409,6.972581767168834E-95,5.474174578940685E-108
0.0013802838990097787,39390.814447192155,7.377535472895407E-95,6.399847826677994E-108
0.001419796649406533,40778.634843043175,7.805990989211208E-95,7.482043826155844E-108
0.0014604405130800822,42214.332948824594,8.259311131866849E-95,8.747227849156918E-108
0.001502247869888375,43699.51964171432,8.738938053045846E-95,1.0226340201902472E-107
0.0015452520266126103,45235.842899211006,9.246396934377287E-95,1.1955551821275314E-107
0.0015894872434918522,46825.00396988912,9.783302010668416E-95,1.397715007308754E-107
0.0016349887615172201,48468.7564504332,1.0351360151073111E-94,1.634057073695918E-107
0.0016817928305074292,50168.906251709435,1.0952378149402693E-94,1.9103609366056838E-107
0.001729936737988031,51927.3154999416,1.1588266249841643E-94,2.233383098432664E-107
0.001779458838897369,53745.90357468873,1.2261046599789808E-94,2.611022606863218E-107
0.0018303985861429113,55626.63113253181,1.297285723705015E-94,3.05251373313764E-107
0.0018827965620323082,57571.55342621673,1.3725961092553144E-94,3.56865218797764E-107
0.0019366945106042096,59582.76378665131,1.4522751179980726E-94,4.172058617299169E-107
0.0019921353708845964,61662.4228527624,1.5365759841207124E-94,4.8774875558209635E-107
0.002049163311095142,63812.75718919249,1.6257665417280692E-94,5.702187775042995E-107
0.0021078237638408265,66036.05082585858,1.720130168155352E-94,6.666324236595118E-107
0.002168163462304845,68334.66198461871,1.8199666259268564E-94,7.793470883892602E-107
0.0022302304774796753,70711.01460350773,1.9255930169016083E-94,9.111186922359211E-107
0.002294074256463918,73167.58184460981,2.0373448309421495E-94,1.0651690726060549E-106
0.0023597456618554523,75706.95429829885,2.155576899817043E-94,1.2452646880092348E-106
0.0024272970122722827,78331.76843411155,2.280664690619927E-94,1.455808776184568E-106
0.0024967821240333542,81044.7370298378,2.4130052443299504E-94,1.7019488407781562E-106
0.0025682563540325477,83848.65783643241,2.5530187595015354E-94,1.9897026794554208E-106
0.0026417766438400054,86746.3900701857,2.701149495263014E-94,2.3261051751618614E-106
0.002717401565065929,89740.87978260867,2.8578676884309105E-94,2.71938063216155E-106
0.0027951913660229878,92835.15341672923,3.0236704513064997E-94,3.1791432921633403E-106
0.0028752080197244935,96032.29844927715,3.199083957991794E-94,3.7166328726846507E-106
0.0029575152732566274,99335.52384079043,3.38466449424349E-94,4.34498864368057E-106
0.003042178698563999,102748.10995612046,3.5810007712064166E-94,5.079571146728125E-106
0.0031292657446890157,106273.41930030836,3.7887152868949397E-94,5.938336969556968E-106
0.0032188457915067136,109914.91132829018,4.008466700258396E-94,6.942278093989979E-106
0.0033109902049978015,113676.1217014006,4.2409515829664535E-94,8.115934383208737E-106
0.0034057723941039934,117560.652095544,4.4869068261776634E-94,9.48799354195944E-106
0.0035032678692109116,121572.23422757625,4.7471118669256726E-94,1.1091991928551285E-105
0.003603554302305151,125714.66726211482,5.022391088739675E-94,1.2967133802270295E-105
0.0037067115888534344,129991.82375465866,5.313616625599419E-94,1.5159249681528921E-105
0.0038128219114531513,134407.72168533996,5.621710703192411E-94,1.772191496477611E-105
0.003921969805304996,138966.45485937703,5.947649146281801E-94,2.0717760513430815E-105
0.004034242225559843,143672.21124428062,6.292463589087E-94,2.4219999944570893E-105
0.004149728616593564,148529.26734615825,6.657245839915017E-94,2.8314221944936233E-105
0.004268520983264919,153541.95518307964,7.043149865985232E-94,3.3100475381996244E-105
0.004390713964213297,158714.73019119888,7.451397149765786E-94,3.8695720228057825E-105
0.004516404907254772,164052.18347210364,7.883278592767804E-94,4.5236675378111446E-105
0.004645693946936434,169558.88299147546,8.340160516880056E-94,5.2883167381474946E-105
0.004778684084310855,175239.5621028107,8.823487063029508E-94,6.182202324007463E-105
0.004915481268994222,181099.10286887138,9.334786421837597E-94,7.227164287965042E-105
0.005056194483573503,187142.43894294457,9.875674120142296E-94,8.448732212483666E-105
0.005200935830429908,193374.56726435598,1.0447859295331041E-93,9.876749490350974E-105
0.0053498206210477964,199800.55139688132,1.10531491236524E-93,1.1546101223417549E-104
0.005502967467880191,206425.5674007349,1.1693454996347978E-93,1.3497566307926239E-104
0.005660498378844094,213254.86511086088,1.237079838559245E-93,1.5778812854682082E-104
0.005822538854520841,220293.7960373688,1.308731672928696E-93,1.8445561193825368E-104
0.00598921798813903,227547.61025472629,1.384527110306936E-93,2.156294520627889E-104
0.006160668568419559,235021.83850962718,1.4647051555503866E-93,2.520709951079732E-104
0.0063370271853647585,242722.11932185185,1.5495187044306904E-93,2.9467021321653795E-104
0.006518434339075961,250654.00470392525,1.6392349881289004E-93,3.444673624434519E-104
0.006705034551686075,258823.12416496253,1.7341368501659138E-93,4.0267844857424E-104
0.006896976482496432,267235.180366476,1.8345230574336968E-93,4.7072477619434104E-104
0.007094413046409604,275895.9616658236,1.9407099046829176E-93,5.502677750423614E-104
0.0072975015357525305,284811.17569313745,2.053031466042154E-93,6.432493461581347E-104
0.00750640374558703,293986.4999560398,2.171841341048539E-93,7.519394174084683E-104
0.007721286102607512,303427.8213351985,2.2975130884286083E-93,8.789911043455572E-104
0.007942319797728596,313140.7305754175,2.430441972727945E-93,1.0275055998523906E-103
0.008169680922468217,323131.18671942904,2.5710456786940555E-93,1.201107605597789E-103
0.008403550609234972,333403.88432705053,2.719766002449382E-93,1.4040338575638648E-103
0.008644115175631363,343965.447382017,2.8770699359404724E-93,1.641236285325322E-103
0.008891566272887912,354821.64071637887,3.0434512334996685E-93,1.9185027611593708E-103
0.009146101038546533,365978.00913437153,3.219431978408069E-93,2.242598191508425E-103
0.009407922253514587,377439.97299790074,3.4055639327298343E-93,2.621429186842226E-103
0.00967723850361493,389212.98778379126,3.6024307273913296E-93,3.064237051382527E-103
0.00995426434576053,401302.3769241202,3.810648874151307E-93,3.5818223009928954E-103
0.010239220478886127,413713.0550032305,8.061741594610652E-249,8.373617421409744E-259
0.010532333919773042,426449.6311743165,8.527570382963495E-249,9.787898399668094E-259
0.010833838183907277,439517.12027601554,9.020242510525724E-249,1.1440974475183057E-258
0.011143973471514891,452920.15440882393,9.541296877904574E-249,1.337314774388931E-258
0.011462986858923028,466662.88202100917,1.0092363005057512E-248,1.563152315817119E-258
0.011791132495398855,480749.1778537896,1.0675160388545075E-248,1.8271147397604622E-258
0.012128671805623362,495182.7296932777,1.129150909920862E-248,2.1356356259069687E-258
0.012475873697961276,509966.7964913825,1.1943330396300191E-248,2.496233188739164E-258
0.012833014778693032,525104.1288172215,1.2632656874773803E-248,2.9176939244168414E-258
0.013200379572379411,540597.0640533462,1.3361635008746256E-248,3.410285588358915E-258
0.01357826074853457,556447.5643376822,1.413253436398831E-248,3.9860074312724423E-258
0.013966959354787813,572655.7608213491,1.4947752768528685E-248,4.658881520101488E-258
0.014366785056720045,589222.0795602693,1.5809823945702587E-248,5.445293601581953E-258
0.014778056384565896,606147.1529871095,1.6721426204259232E-248,6.364391643027281E-258
0.015201100986978085,623430.7831823389,1.768538764478268E-248,7.43854998740623E-258
0.015636255892056104,641071.4832134652,1.8704699504664795E-248,8.693914663894262E-258
0.016083867775847423,659067.3379974436,1.978251783572227E-248,1.0161035193757904E-257
0.016544293238534763,677415.4662296167,2.092218294209331E-248,1.18756108542692E-257
0.01701789908852976,696111.1013229048,2.2127216107079968E-248,1.38793503396699E-257
0.017505062634699232,715149.1440130733,2.340134662561461E-248,1.622099301601051E-257
0.018006171986956858,734523.8163080779,2.4748503321615167E-248,1.8957479173610858E-257
0.018521626365459787,754227.9956146473,2.6172847670434213E-248,2.2155345244873182E-257
0.019051836418656366,774252.0232509213,2.7678764209227166E-248,2.5892320744694143E-257
0.01959722455043869,794585.6483436556,2.927089410689544E-248,3.025922869188304E-257
0.020158225256660174,815276.6317260489,3.0954130157059685E-248,3.536216949591373E-257
0.020735285471286585,836415.8203296289,3.2733647184846066E-248,4.132510630167334E-257
0.02132886492245614,857842.3730401262,3.4614904214645687E-248,4.829285256082663E-257
0.02193943649873239,879539.02711961,3.660366949885965E-248,5.643458742138208E-257
0.022567486625841578,901489.9496358812,3.8706032712228846E-248,6.594794364946815E-257
0.023213515654194862,923679.5499248323,4.092842168649778E-248,7.706378506122778E-257
0.023878038257503773,946082.9653375612,4.327762829819779E-248,9.005180143478263E-257
0.02456158384280674,968674.0023640707,4.576081310961577E-248,1.0522699723200096E-256
0.025264696972233238,991433.6669369716,4.838554963663645E-248,1.2295735111511696E-256
0.025987937796841633,1014337.6363971273,5.115981198725719E-248,1.4367262324401056E-256
0.026731882502876135,1037349.7326578341,5.409204346809026E-248,1.6787484438815438E-256
0.02749712377079882,1060433.7748603665,5.719112092388895E-248,1.9615026179318667E-256
0.02828427124746191,1083565.6950684136,6.0466453190017266E-248,2.2918370018761053E-256
0.029093952031796797,1106710.3467273791,6.392792427629083E-248,2.677747905952647E-256
0.029926811174406695,1129820.658946229,6.758600865319317E-248,3.128575546398865E-256
0.030783512191460867,1152851.4321806908,7.145171432425387E-248,3.6552255008167454E-256
0.031664737593299755,1175767.2974772474,7.553669347076795E-248,4.2704346908165356E-256
0.03257118942817254,1198524.0068591086,7.98532037497504E-248,4.9890743236354304E-256
0.03350358984153973,1221069.6942165052,8.441420170522039E-248,5.828510562039534E-256
0.03446268165138675,1243343.1199551634,8.923333248151543E-248,6.809019135343271E-256
0.03544922894000683,1265294.2819327656,9.432499610381685E-248,7.954273986200249E-256
0.036464017662724495,1286879.332555736,9.97043775185631E-248,9.291914927036745E-256
0.037507856274044786,1307992.4949600184,1.0538747280495827E-247,1.0854209050117828E-255
0.03858157637172679,1328593.3039240711,1.1139117489809853E-247,1.2678828244808687E-255
0.03968603335929508,1348628.8272975208,1.1773324297119523E-247,1.4809743521283762E-255
0.040822107127516286,1368056.3282699208,1.2443246350684793E-247,1.7298290458686204E-255
0.041990702755384066,1386810.8142228327,1.3150854130268282E-247,2.0204377072722798E-255
0.04319275123117088,1404805.476365046,1.3898236093411191E-247,2.3597944551390106E-255
0.044429210194121035,1421967.2661044244,1.4687577185923007E-247,2.756059651737621E-255
0.04570106469737552,1438245.8256975547,1.5521197039222733E-247,3.218760039142376E-255
0.047009327992737285,1453625.1164791035,1.6401520202659417E-247,3.7590094007485823E-255
0.04835504233790116,1467994.1433658586,1.7331118111072514E-247,4.389780426965074E-255
0.04973927982679217,1481228.9032777068,1.8312681577426248E-247,5.1262060516363835E-255
0.0511631432436735,1494356.2850570863,1.9349058437947644E-247,5.985946729294527E-255
0.05262776694170478,1506706.7924936481,2.044323375337452E-247,6.989602917369748E-255
0.05413431774665003,1517904.9551404447,2.1598358955683536E-247,8.16121030133103E-255
0.05568399588645626,1527831.3755404432,2.281774380341404E-247,9.52880480442545E-255
0.05727803594744219,1536600.9464306529,2.4104872676697202E-247,1.1125089312894558E-254
0.05891770785785949,1544184.7275631847,2.5463413321673162E-247,1.2988208116498036E-254
0.060604317899610044,1550438.4278577731,2.689721463400091E-247,1.5162642995899843E-254
0.062339209748925144,1555343.1209586612,2.8410338684866403E-247,1.7700275479683616E-254
0.06412376554683549,1558926.3928401803,3.000703269552589E-247,2.0661588903625747E-254
0.06595940700028562,1561213.2438274072,3.169179265954968E-247,2.4117126586658445E-254
0.06784759651476878,1562207.5045116828,3.346930016549993E-247,2.8149100893809327E-254
0.06978983835938568,1561801.4793476649,3.534452784115559E-247,3.285339626540844E-254
0.07178767986525454,1560063.1415985974,3.7322630933051317E-247,3.834171958710008E-254
0.07384271265822769,1557130.8736948161,3.940909892785286E-247,4.4744344768723535E-254
0.07595657392689648,1553022.195490133,4.16096177113189E-247,5.221301266519976E-254
0.07813094772689456,1547735.0307531352,4.393022579865709E-247,6.092463197616488E-254
0.08036756632253957,1541194.9333154727,4.6377193620312506E-247,7.108524661344803E-254
0.08266821156688042,1533484.8584979149,4.8957154414788775E-247,8.293498881823218E-254
0.08503471632125131,1524982.6709599397,5.1677016989033684E-247,9.675351752975544E-254
0.08746896591546223,1515484.7481866335,5.454405682823984E-247,1.1286663061430267E-253
0.08997289964978997,1504801.8220612155,4.596200000000077E-99,4.596200000000077E-99
0.09254851233996537,1493189.0620875799,4.596200000000077E-99,4.596200000000077E-99
0.09519785590638923,1480901.8727663467,1.378859999999994E-98,1.378859999999994E-98
0.0979230410088409,1467768.1307675801,2.29809999999998E-98,2.29809999999998E-98
0.1007262387279835,1454593.5253527458,3.2173399999999955E-98,3.2173399999999955E-98
0.10360968229500471,1442811.058466933,3.2173399999999955E-98,3.2173399999999955E-98
0.10657566887077125,1430776.5924782443,4.136580000000011E-98,4.136580000000011E-98
0.10962656137591384,1418615.9364155054,5.055819999999997E-98,5.055819999999997E-98
0.11276479037330235,1406193.9079510611,5.975059999999984E-98,5.975059999999984E-98
0.11599285600440848,1393559.3738942114,6.894299999999999E-98,6.894299999999999E-98
0.11931332998110042,1380804.9605742649,6.894299999999999E-98,6.894299999999999E-98
0.12272885763445561,1367904.754530839,7.813539999999985E-98,7.813539999999985E-98
0.12624216002222394,1354882.713606993,8.732779999999972E-98,8.732779999999972E-98
0.12985603609661978,1341859.3178523546,9.652019999999986E-98,9.652019999999986E-98
0.1335733649341717,1328718.863117134,9.652019999999986E-98,9.652019999999986E-98
0.1373971080294037,1315512.0785481608,1.0571260000000003E-97,1.0571260000000003E-97
0.14133031165417714,1302256.038062471,1.1490499999999989E-97,1.1490499999999989E-97
0.14537610928457279,1288753.0607783427,1.2409739999999978E-97,1.2409739999999978E-97
0.14953772409724542,1275054.226133297,1.2409739999999978E-97,1.2409739999999978E-97
0.1538184715372411,1263337.4012557198,1.3328979999999994E-97,1.3328979999999994E-97
0.1582217619593213,1252042.175004682,1.424822000000001E-97,1.424822000000001E-97
0.1627511033449003,1240707.2545012566,1.5167459999999998E-97,1.5167459999999998E-97
0.16741010409675786,1229744.0853362307,1.5167459999999998E-97,1.5167459999999998E-97
0.17220247591375534,1218759.8029672515,1.6086699999999983E-97,1.6086699999999983E-97
0.1771320367478451,1207343.6045132675,1.7005939999999999E-97,1.7005939999999999E-97
0.18220271384572886,1195739.9848005213,1.7925180000000015E-97,1.7925180000000015E-97
0.1874185468775873,1183845.9371698194,1.7925180000000015E-97,1.7925180000000015E-97
0.19278369115537625,1172056.8856889745,1.8844420000000002E-97,1.8844420000000002E-97
0.19830242094324968,1159802.2362258106,1.9763659999999987E-97,1.9763659999999987E-97
0.20397913286274968,1148845.6462601437,1.9763659999999987E-97,1.9763659999999987E-97
0.20981834939547483,1138270.1691135468,2.0682900000000004E-97,2.0682900000000004E-97
0.21582472248601825,1128081.0253230925,2.160214000000002E-97,2.160214000000002E-97
0.22200303724804418,1117714.6918420072,2.2521380000000007E-97,2.2521380000000007E-97
0.2283582157764588,1107158.88018182,2.2521380000000007E-97,2.2521380000000007E-97
0.23489532106870814,1096447.9345722347,2.3440619999999995E-97,2.3440619999999995E-97
0.24161956105833043,1085511.6566918164,2.435986000000001E-97,2.435986000000001E-97
0.24853629276397465,1074466.4036608215,2.435986000000001E-97,2.435986000000001E-97
0.25565102655719146,1064994.8927713942,2.5279099999999996E-97,2.5279099999999996E-97
0.2629694305523951,1055553.7803204325,2.6198339999999984E-97,2.6198339999999984E-97
0.2704973351224967,1046470.952235954,2.6198339999999984E-97,2.6198339999999984E-97
0.278240737543803,1037411.7268341241,2.711758E-97,2.711758E-97
0.28620580677388263,1028857.3744387861,2.8036820000000016E-97,2.8036820000000016E-97
0.2943988883662066,1020292.027952804,2.8036820000000016E-97,2.8036820000000016E-97
0.30282650952547757,1012150.0047488875,2.8956060000000003E-97,2.8956060000000003E-97
0.3114953843076764,1004784.6418515543,2.987529999999999E-97,2.987529999999999E-97
0.32041241896896616,998673.4086784791,2.987529999999999E-97,2.987529999999999E-97
0.32958471746771967,992911.133978869,3.0794540000000005E-97,3.0794540000000005E-97
0.33901958712404867,987373.7712183736,3.1713780000000023E-97,3.1713780000000023E-97
0.34872454444134643,981901.1464782995,3.1713780000000023E-97,3.1713780000000023E-97
0.3587073210944813,977638.5935361347,3.263302000000001E-97,3.263302000000001E-97
0.3689758700894115,975066.178231584,3.355226E-97,3.355226E-97
0.3795383720991266,972767.2056144691,3.355226E-97,3.355226E-97
0.39040324198096893,971189.7467515913,3.447150000000001E-97,3.447150000000001E-97
0.40157913548051954,970425.4915119555,3.539074000000003E-97,3.539074000000003E-97
0.41307495612739487,970409.3137833701,3.539074000000003E-97,3.539074000000003E-97
0.4248998623284462,972246.5024148034,3.630998000000002E-97,3.630998000000002E-97
0.43706327466401296,975398.8960622064,3.7229220000000006E-97,3.7229220000000006E-97
0.44957488339304075,979030.9421772402,3.7229220000000006E-97,3.7229220000000006E-97
0.46244465617304864,983250.8294061987,3.814846000000002E-97,3.814846000000002E-97
0.47568284600108857,989493.9473628239,3.814846000000002E-97,3.814846000000002E-97
0.48929999938202906,997360.1654823101,3.9067700000000007E-97,3.9067700000000007E-97
0.503306964730668,1006726.3776121482,3.998693999999999E-97,3.998693999999999E-97
0.5177149010143692,1016837.3431932833,3.998693999999999E-97,3.998693999999999E-97
0.532535286643106,1027596.2585090067,4.090618E-97,4.090618E-97
0.5477799286139995,1040989.8403134246,4.182542000000001E-97,4.182542000000001E-97
0.5634609719176304,1044016.040284193,4.182542000000001E-97,4.182542000000001E-97
0.5795909092136217,1041077.1502438684,4.274466E-97,4.274466E-97
0.5961825907831997,1040463.5753652831,4.274466E-97,4.274466E-97
0.6132492347666633,1048649.4670101306,4.3663899999999976E-97,4.3663899999999976E-97
0.6308044376939163,1059231.9422652463,4.458313999999999E-97,4.458313999999999E-97
0.6488621853164495,1070990.7729960065,4.458313999999999E-97,4.458313999999999E-97
0.6674368637494114,1082527.3053670812,4.5502380000000003E-97,4.5502380000000003E-97
0.6865432709326311,1095049.5317931506,4.5502380000000003E-97,4.5502380000000003E-97
0.7061966284197347,1107983.3824812376,4.642161999999999E-97,4.642161999999999E-97
0.7264125935047413,1122221.8803573886,4.734085999999997E-97,4.734085999999997E-97
0.7472072716958035,1137424.428054259,4.734085999999997E-97,4.734085999999997E-97
0.7685972295460232,1152301.4363826297,4.826009999999998E-97,4.826009999999998E-97
0.7905995078515776,1167825.9799870055,4.917934E-97,4.917934E-97
0.8132316352276537,1184671.3816745926,4.917934E-97,4.917934E-97
0.8365116420730186,1201274.6864788241,5.009857999999998E-97,5.009857999999998E-97
0.8604580749343471,1219681.6621192172,5.009857999999998E-97,5.009857999999998E-97
0.88509001128175,1236275.5092616016,5.101781999999996E-97,5.101781999999996E-97
0.910427074707271,1254170.7069536375,5.193705999999997E-97,5.193705999999997E-97
0.9364894505584732,1272378.4081407448,5.193705999999997E-97,5.193705999999997E-97
0.9632979020195509,1290816.3521228635,5.285629999999999E-97,5.285629999999999E-97
0.9908737866527932,1308261.0744402616,3.563052024951346E-43,2.789675589117754E-44
1.0192390734135723,1191864.4732998519,63.15286803784414,20.332228192497542
1.0484163601524104,1025330.9532607266,55.615403686822525,24.343060465021058
1.078428891618071,875278.7040661694,50.79810993652467,29.809657900948462
1.1093005779760177,740753.768574672,40.5046740919781,36.29118113185396
1.141056013856991,618816.4145229743,21.344046157485895,42.886313252534805
1.1737204979508733,513023.84595624864,10.60238361023154,52.20643672381606
1.2073200531614776,420947.00688908773,10.243792778717534,66.09059673990824
1.2418814473382764,339067.8844427618,190.71581252486087,97.51610214877196
1.2774322146016202,270658.8353561331,8057.969782592138,206.68223341188943
1.31400067727842,212158.1636170816,276098.64100531774,828.9465765106796
1.3516159684657736,162617.0188218664,405019.72603465006,1430.6486894131
1.3903080552405083,123204.35817305898,586980.0024148049,2513.4671586213735
1.4301077625331353,89732.39981882097,657062.4559531638,3260.3529523436605
1.4710467976852308,64047.0218210221,676115.0781556341,3811.8032498827515
1.51315777570981,44335.75566659903,687183.2267027758,4318.222841923556
1.5564742452748195,28983.35634470024,682016.604087613,4584.913449629984
1.6010307154304457,18602.438488563992,678061.7786769106,4867.455713015057
1.6468626831015376,10796.214211699782,666796.9725294701,5136.692961929277
1.694006661367026,6126.433559029386,656929.6004039901,5419.103545749995
1.7425002085489163,3039.2388366513765,640617.1396822198,5680.241979541219
1.792381958133969,1448.1402755111415,624559.8856174935,5920.683363867361
1.8436916495519455,576.498082008104,601371.4041805171,6126.038688614809
1.8964701598349307,215.66522780690272,577794.4194916716,6325.790432453471
1.950759536182948,62.0013966638283,545452.4575964896,6462.802005660337
2.006603029461818,16.227553380748674,496162.8044937502,6451.205022951322
2.064045128659944,3.0292488141378477,439498.4049180064,6310.9773977602645
2.123131596331476,0.45371418714052997,386140.79558683577,6138.581835574229
2.1839095050540887,0.0493730972096795,335103.1958635688,5926.188280835847
2.246427274930422,0.0033341670331127776,286502.24524933624,5672.991111387843
2.310734712163061,1.6026734595904317E-4,242239.0886481313,5377.870215628068
2.3768830487337596,3.935614902321273E-6,201426.98716848137,5049.182652742056
2.4449249832185926,4.8992386699875296E-8,165501.14268735753,4701.036536699552
2.514914722771456,3.187965446474382E-10,134494.74058097554,4339.069498390297
2.5869080263094317,7.725781983913002E-13,107363.18832007363,3954.831115347327
2.6609622489343967,5.349637672431268E-16,84141.70891593666,3568.4155985525053
2.73713638762627,1.1145307624670134E-19,64588.26987898142,3190.1938236262185
2.815491128244298,5.6707918606268806E-24,48461.922385881386,2818.2054099331276
2.89608889387382,4.7644051185235626E-29,35471.51340167038,2453.569043513426
2.978993894557044,3.330032309685403E-35,25140.703554584252,2094.9945142906363
3.0642721784474323,1.948782857468992E-42,17475.27675741124,1763.6470377093467
3.1519916844284652,5.995270671031838E-51,11623.593895743712,1456.9631922481137
3.2422222962386993,5.7055012938716805E-61,7016.193295909785,1153.6249317657825
3.3350358981462396,8.884454570104502E-73,4026.2858613354156,890.6375802444954
3.430506432216951,1.0608748867625477E-86,2208.136828266711,674.844990244742
3.528709957222127,1.9487892195672963E-96,1160.2932754028936,502.49291397992715
3.6297247092324105,1.9763659999999975E-96,549.0961363586811,366.44731003342656
3.733631163946345,2.0131355999999974E-96,255.23879343745486,262.54410147555933
3.840512100803169,2.0315203999999974E-96,111.49142098015089,184.42312240623767
3.9504526689309403,2.0590975999999975E-96,45.66519763849071,126.95053854194734
4.063540454982522,2.0866747999999972E-96,17.64716843997179,85.73749610656127
4.179865552913481,2.1142519999999974E-96,6.513229156754953,56.5680178554748
4.299520635757486,2.141829199999997E-96,2.093057317672951,36.25049390887952
4.422601029456389,2.169406399999997E-96,0.6220270669512525,22.725601678155805
4.549204788803799,2.206175999999997E-96,0.1817126923749015,13.811174872016084
4.679432775562677,2.233753199999997E-96,0.04329785220697377,8.171270921764618
4.81338873881911,2.261330399999997E-96,0.01072467594602168,4.667057425121111
4.951179397636437,2.298099999999997E-96,0.0020322817631075953,2.5836842992372833
5.0929145260753845,2.316484799999997E-96,3.4679878318647953E-4,1.3642284356475731
5.238707040648066,2.3532543999999973E-96,5.5768020522781064E-5,0.6937621151101382
5.388673090275499,2.380831599999997E-96,8.026954129375579E-6,0.34225871142238357
5.5429321488202765,2.408408799999997E-96,1.111951418131274E-6,0.1616908366536326
5.701607110268138,2.4451783999999967E-96,1.2106705157545879E-7,0.07149200536729229
5.864824386634258,2.472755599999997E-96,1.2757386129474641E-8,0.03045025037533641
6.03271400867225,2.500332799999997E-96,1.3566124310165568E-9,0.012539822017827018
6.205409729466123,2.5279099999999967E-96,1.6835255731129724E-10,0.005072890828880242
6.383049130987714,2.555487199999997E-96,2.284538391281533E-11,0.0019750494865711514
6.565773733704499,2.5922567999999967E-96,2.2847720142792543E-12,7.241873636843996E-4
6.753729109325101,2.6106415999999967E-96,1.952434600910964E-13,2.449796315268387E-4
6.947064996772243,2.6474111999999966E-96,1.674174562202323E-14,7.912405166119321E-5
7.145935421475752,2.6749883999999968E-96,1.0890052062542904E-15,2.290903163010523E-5
7.350498818080363,2.702565599999997E-96,6.208349510146921E-17,6.136925425440738E-6
7.560918156666295,2.7301427999999967E-96,3.0845296171217737E-18,1.510689746282407E-6
7.777361072583064,2.7669123999999966E-96,1.195856076604976E-19,3.2888555450913657E-7
7.999999999999999,2.785297199999996E-96,4.219183461016052E-21,6.692170516778367E-8
