log(S),log(latetype),log(unlensed),log(lensed)
-8.0,-112.21494525535341,-112.4612038248352,-112.4610784434904
-7.972,-112.17294525535341,-112.43146171191358,-112.43125117808685
-7.944,-112.14320316422173,-112.40171960363271,-112.40142268059482
-7.916,-112.11346107835456,-112.35971960363271,-112.35942268059482
-7.888,-112.07146107835456,-112.32997750012544,-112.32959289852703
-7.86,-112.04171899790263,-112.3002354015284,-112.29976177819005
-7.832,-112.0055454841108,-112.2582354015284,-112.25776177819004
-7.804,-111.96997692302097,-112.22849330798218,-112.22792926464717
-7.776,-111.94023485386901,-112.18649330798218,-112.18593011303365
-7.748,-111.89823485386901,-112.15675121963136,-112.15610610701677
-7.72,-111.86849279061082,-112.12700913662466,-112.126290447708
-7.692,-111.83231928516331,-112.08500913662466,-112.08431548612629
-7.664,-111.7967507334151,-112.05526705911511,-112.05452025721515
-7.636,-111.7670086824554,-112.02552498726004,-112.02472657778424
-7.608,-111.73083518297649,-111.98352498726004,-111.98276990285626
-7.58,-111.69526663791025,-111.95378292122133,-111.95298699579452
-7.552,-111.66552459996328,-111.9240408611655,-111.92320209077994
-7.524,-111.62352459996328,-111.8820408611655,-111.88125396288338
-7.496,-111.59378256880339,-111.85229880726382,-111.85147650964308
-7.468,-111.55760907893358,-111.82255675969247,-111.82169549056827
-7.4399999999999995,-111.52204054462487,-111.78055675969247,-111.77975146488409
-7.412,-111.49229852762758,-111.75081471863267,-111.74997649297863
-7.384,-111.45029852762758,-111.70881471863267,-111.70802856538073
-7.356,-111.42055651176832,-111.67907268427082,-111.67825684928133
-7.328,-87.93748379795619,-111.6493306567987,-111.64848440661349
-7.3,-88.62631434895108,-111.6073306567987,-111.60653733678343
-7.272,-64.97407925593957,-111.57758863641351,-111.57677031616558
-7.244,-65.53463593502624,-111.54784662331814,-111.54700086387965
-7.216,-47.39530773662149,-111.50584662331815,-111.5050567115852
-7.188,-33.99747873873241,-111.4761046177213,-111.47529270082286
-7.16,-34.32883890044094,-111.44636261983764,-111.44552622257659
-7.132,-24.790105904891494,-111.40436261983764,-111.40358415740275
-7.104,-18.55213036602163,-111.37462062988799,-111.37382273851024
-7.076,-18.677742246577964,-111.34487864809945,-111.34405873572187
-7.048,-15.013052793456014,-111.30287864809945,-111.3021180963424
-7.02,-13.145365870045167,-111.27313667470568,-111.27235915369279
-6.992,-13.133382349068118,-111.24339470994703,-111.24259682397033
-6.964,-12.069189536874603,-111.20139470994702,-111.20065665031736
-6.936,-11.277781423308625,-111.17165275407065,-111.17089888261377
-6.9079999999999995,-11.247858502962334,-111.14191080733086,-111.14113746459293
-6.88,-10.566782852855436,-111.09991080733086,-111.09919637939385
-6.852,-9.95233280428367,-111.0701688699892,-111.06943948447616
-6.824,-9.920904706967047,-111.04042694231475,-111.03967907529784
-6.796,-9.358490364581566,-110.99842694231475,-110.99773695042761
-6.768,-8.841679394595394,-110.96868502458425,-110.96798041848217
-6.74,-8.810115346054099,-110.92668502458424,-110.92603126914373
-6.712,-8.334368678648124,-110.89694311708237,-110.89627837785689
-6.684,-7.9014202000466796,-110.86720122010195,-110.86652272180875
-6.656,-7.869840407800197,-110.82520122010195,-110.82457265305158
-6.628,-7.4741913977509,-110.79545933394418,-110.79482068205986
-6.6,-7.1106510394558535,-110.76571745891893,-110.76506601188969
-6.572,-6.77553468998395,-110.73597559534488,-110.73531247857848
-6.5440000000000005,-6.743951258212835,-110.70623374354987,-110.70556244478536
-6.516,-6.437947473696341,-110.67649190387112,-110.6758096924185
-6.4879999999999995,-6.159314517570453,-110.6467500766555,-110.64605908641943
-6.46,-6.12773072587949,-110.61700826225979,-110.61631106702596
-6.432,-5.871422389496024,-110.5750082622598,-110.57435789721475
-6.404,-5.636064621548566,-110.54526646105104,-110.54460913585213
-6.3759999999999994,-5.421927039868242,-110.51552467340676,-110.51486209941295
-6.348,-5.390343110049837,-110.4857828997153,-110.48511327931332
-6.32,-5.192946557962673,-110.45604114037609,-110.45536739833778
-6.292,-5.012221450295453,-110.42629939580004,-110.42562520020422
-6.264,-4.84638190853862,-110.3965576664098,-110.39588539820888
-6.236,-4.692930228688611,-110.36681595264012,-110.36614732080675
-6.208,-4.661346258952427,-110.33707425493822,-110.33641050867222
-6.18,-4.520752166687434,-110.30733257376409,-110.30667604770444
-6.152,-4.390028875216522,-110.27759090959091,-110.27694305518334
-6.124,-4.269675885112117,-110.23559090959091,-110.2349949877269
-6.096,-4.157406184547206,-110.21810763420828,-110.21747952911345
-6.068,-4.053248453302538,-110.18836602401448,-110.18774914256062
-6.04,-4.021664469413164,-110.17088286127111,-110.17023891004604
-6.0120000000000005,-3.9239864297342337,-110.14114130982693,-110.14051175360908
-5.984,-3.832734237479844,-110.11139977909785,-110.1107849207453
-5.9559999999999995,-3.746628117159214,-110.09391678217425,-110.09328108868398
-5.928,-3.6656214481124936,-110.06417531721729,-110.06355596094944
-5.9,-3.588824692046852,-110.03443387545157,-110.03383101826104
-5.872,-3.5159278787678847,-110.01695106416875,-110.01633270200426
-5.843999999999999,-3.446473756367955,-109.98720969603718,-109.98660924320797
-5.816,-3.380029967062607,-109.95746835386905,-109.95688661352492
-5.788,-3.3484459812418317,-109.93998575041769,-109.93939652554369
-5.76,-3.2848121762701505,-109.91024449068568,-109.90968045104417
-5.731999999999999,-3.223614035595751,-109.88050326002067,-109.87996661389634
-5.704,-3.1646410690654547,-109.8630208892445,-109.86248855435699
-5.676,-3.107684632423736,-109.83327975086995,-109.832777698608
-5.648,-3.0525160170653622,-109.80353864503708,-109.80306621129291
-5.62,-2.999000170208927,-109.78605653475005,-109.78559299453346
-5.5920000000000005,-2.9469821290857015,-109.75631553224017,-109.75588188507169
-5.564,-2.8963158026847737,-109.73883363755895,-109.73841123841734
-5.536,-2.846898598529028,-109.72135189710035,-109.72094136480463
-5.508,-2.7986258641927844,-109.69161108748398,-109.69122825246312
-5.48,-2.751402012652973,-109.67412959531742,-109.67375927793034
-5.452,-2.6914817545754373,-109.64438891520429,-109.64404504502774
-5.4239999999999995,-2.6470979842697986,-109.62690769327496,-109.62657638531064
-5.396,-2.6035311139906647,-109.60942666464673,-109.60910846381535
-5.368,-2.56072014477567,-109.5796862263045,-109.57939218254872
-5.34,-2.5186084672203815,-109.56220550888442,-109.56192469932698
-5.311999999999999,-2.4771468161922083,-109.53246523286137,-109.53220721234752
-5.284,-2.436288502257928,-109.51498485415722,-109.51474020749362
-5.256,-2.395993398419247,-109.4975047177383,-109.4972734010636
-5.228,-2.3562225090508453,-109.46776474475291,-109.46755407753423
-5.199999999999999,-2.30970408024821,-109.45028499840686,-109.45008717846089
-5.172000000000001,-2.2713113817114383,-109.4328055310829,-109.4326207288375
-5.144,-2.2333205429326366,-109.40306590708379,-109.402899597078
-5.116,-2.1957068652401124,-109.38558688897989,-109.38543269543302
-5.088,-2.1584477137731013,-109.35584749928523,-109.35570986777843
-5.0600000000000005,-2.1164902592936574,-109.33836897011385,-109.33824232344868
-5.032,-2.080169667584198,-109.32089079068204,-109.32077496149955
-5.004,-2.0441197100927275,-109.29115183842347,-109.29104915715084
-4.976,-2.0083238544891233,-109.27367422206969,-109.27358035952457
-4.948,-1.97277165289925,-109.24393556350307,-109.24385297365721
-4.92,-1.9339412202175816,-109.22645856001114,-109.22638339627926
-4.8919999999999995,-1.8990521310491972,-109.19672022110353,-109.19665406482163
-4.864,-1.864357959017402,-109.17924388466167,-109.1791842294349
-4.836,-1.8270927486578057,-109.14950589367758,-109.1494535987288
-4.808,-1.7929171311557741,-109.1320302832686,-109.13198311024225
-4.779999999999999,-1.7588940210908282,-107.64814750630794,-109.10225171646265
-4.752,-1.7250147240410492,-64.4235054367962,-109.0847810388847
-4.724,-1.689238360458256,-42.35875561837707,-109.05504867068389
-4.696,-1.6557419063346688,-10.046278869359304,-109.0253160102146
-4.668,-1.622358286685715,-9.978023277892156,-109.00784531903318
-4.640000000000001,-1.5874877952443158,-10.162413424029014,-108.97811209329647
-4.612,-1.5544051759983868,-10.34663768458452,-108.96064190573
-4.584,-1.5214111194675146,-10.622151779600143,-108.93090844521117
-4.556,-1.4885005943941996,-11.018467314037009,-108.90117492886381
-4.5280000000000005,-1.4544949589533842,-11.392553790149401,-108.88370525377631
-4.5,-1.4218071826269691,-11.681901729103451,-108.85397174215711
-4.4719999999999995,-1.3891850526810066,-11.7170949939438,-104.79464788211267
-4.444,-1.3566246899458292,-7.845351164526174,-69.3312814625083
-4.416,-1.323258734083962,-7.530372288640237,-38.57066873216231
-4.388,-1.2908629310619693,-7.445333319869405,-17.27811265728972
-4.359999999999999,-1.258515782242558,-7.24214427435377,-13.968680820777736
-4.332,-1.2255394365483532,-6.992187102528973,-12.256973315642204
-4.304,-1.1933212982138188,-6.738475922889449,-12.189800748758596
-4.276,-1.1611412347270387,-6.460163365049712,-12.201197688991789
-4.247999999999999,-1.1289970239759388,-6.275805818392934,-12.244978845620633
-4.22,-1.09639125269439,-6.118785390938943,-12.314781468261911
-4.192,-1.0643424055345578,-5.9600790027776265,-12.38470263043594
-4.164,-1.032321685055696,-5.792662140759328,-12.444718771542107
-4.136,-1.0003273145985674,-5.6219224864140696,-12.50731623205306
-4.1080000000000005,-0.9679947112821433,-5.553917608552827,-10.654845201193284
-4.08,-0.9360704119672403,-5.397061241151435,-10.04211344518035
-4.052,-0.9041668122564646,-5.249094833692635,-9.694559056819363
-4.024,-0.872282707636693,-5.110529081077151,-9.460058485669032
-3.9959999999999996,-0.8404169360834184,-4.980033719409623,-9.23108424312323
-3.968,-0.808318860446328,-4.854427510252664,-8.973310823146006
-3.9399999999999995,-0.7765017491963702,-4.732475507542561,-8.717659369418035
-3.912,-0.7446989356473309,-4.614150297902827,-8.531383105008365
-3.8840000000000003,-0.7129095961555988,-4.498773704048681,-8.376671301150248
-3.856,-0.6809503926340165,-4.334540886673543,-8.224514569453568
-3.8280000000000003,-0.6491967674637985,-4.228594258921363,-8.073210005575296
-3.8,-0.6174537328501881,-4.0818224826767455,-7.917843706328416
-3.7720000000000002,-0.585720670695491,-3.9829517428283294,-7.76205176682004
-3.7439999999999998,-0.5539970093592027,-3.8866695304418455,-7.615248650074525
-3.716,-0.5221570047621924,-3.758486281322763,-7.47627982094121
-3.6879999999999997,-0.49045822597629873,-3.6692165795921823,-7.344435853195369
-3.66,-0.458766896224038,-3.5822468413903565,-7.219733632910539
-3.6319999999999997,-0.42708256913883524,-3.444286806638406,-7.100356734223829
-3.604,-0.3954048847110542,-3.3208872893240176,-6.998540237947716
-3.5759999999999996,-0.36364765900668927,-3.2246061235133134,-6.886749471670184
-3.548,-0.33198733088944876,-3.134461446357909,-6.7636277522122334
-3.5199999999999996,-0.300332321150787,-3.0674497339137665,-6.653638148344733
-3.492,-0.268682304727252,-3.0140062766154028,-6.5305661552504715
-3.4639999999999995,-0.23703709305402076,-2.9603832037951383,-6.425181559517504
-3.436,-0.20533761401125702,-2.9068620751282817,-6.323173228555005
-3.4079999999999995,-0.17370486065607937,-2.853430655457626,-6.214173802258945
-3.38,-0.14207610204986812,-2.8001790543688934,-6.1199500754772265
-3.3520000000000003,-0.11045106882683832,-2.747037667420956,-6.028597875858249
-3.324,-0.0788297402139741,-2.6936199708389448,-5.9334670329668695
-3.2960000000000003,-0.04717164202788061,-2.6399736726610006,-5.84297467219352
-3.268,-0.015559699795588623,-2.5862463182653435,-5.753353979061472
-3.24,0.016049064997726507,-2.5327448519387707,-5.660008083721209
-3.2119999999999997,0.047654798469873035,-2.4794628059160906,-5.574126696123316
-3.184,0.07925733846298988,-2.4261202472588663,-5.498451063283722
-3.1559999999999997,0.11088443865044935,-2.372603770573683,-5.4297987616402725
-3.128,0.1424793192514556,-2.3190289340865418,-5.364604458885081
-3.0999999999999996,0.1740713374555297,-2.2654073082012802,-5.301742550104924
-3.072,0.20566051600801027,-2.211680323362218,-5.240636685068407
-3.0439999999999996,0.23724654390189753,-2.1577089530402374,-5.180775518271837
-3.016,0.26882974408862614,-2.1034584103792513,-5.121814006282036
-2.9879999999999995,0.300427458184202,-2.049024575361855,-5.0634526775689155
-2.96,0.33200335859677277,-1.99453430570779,-5.005449756809958
-2.9319999999999995,0.3635761296570958,-1.9400407299407563,-4.947750072836941
-2.904,0.39514550805509274,-1.885466060860579,-4.890392541823023
-2.8760000000000003,0.42671156537209187,-1.8308892472197282,-4.833210052206038
-2.848,0.45827383785927855,-1.7764453394205157,-4.776226952086991
-2.8200000000000003,0.4898437930420823,-1.7219563288959647,-4.719336184011047
-2.792,0.5213976599747221,-1.6674225088320196,-4.66255068137048
-2.7640000000000002,0.5529472884476969,-1.6129334992658768,-4.605843207345055
-2.7359999999999998,0.5844926538647247,-1.558428166407018,-4.549149213824242
-2.708,0.6160330495632408,-1.5039517719508915,-4.492376028677755
-2.6799999999999997,0.6475685128887824,-1.4495663177235305,-4.435538191001663
-2.652,0.6791056924834906,-1.395140602691686,-4.378544741215354
-2.6239999999999997,0.7106294242218533,-1.340684421585228,-4.321531154718315
-2.596,0.7421471788467177,-1.286211738942115,-4.264407906267691
-2.5679999999999996,0.7736579252288878,-1.2316576073104808,-4.207266844405488
-2.54,0.8051618717955907,-1.17695118526165,-4.15008905988683
-2.5119999999999996,0.8366579301357456,-1.1220411105515675,-4.0928898675253444
-2.484,0.8681504802067753,-1.0668651657673462,-4.035685129471868
-2.4559999999999995,0.8996289467061673,-1.011409971819233,-3.9785391367366256
-2.428,0.9310976710312188,-0.9556981683643523,-3.921318838796228
-2.3999999999999995,0.9625565490365947,-0.8996691073513295,-3.8641297619833113
-2.372,0.9940043583980326,-0.8433615196301594,-3.806916809420962
-2.3440000000000003,1.025439869263541,-0.7868553963411742,-3.7497226196588795
-2.316,1.0568622584982839,-0.7301427541114044,-3.692526844264609
-2.2880000000000003,1.088273287998846,-0.673305360177858,-3.6353337855843386
-2.26,1.1196664858183107,-0.6163411952755324,-3.578077354394713
-2.232,1.1510433384549303,-0.5592229784565635,-3.520726106413899
-2.2039999999999997,1.1824035727019664,-0.5021212160205785,-3.4631585242755136
-2.176,1.2137443738173772,-0.4451290685493568,-3.40537700910698
-2.1479999999999997,1.2450642242944485,-0.3882233223737209,-3.347250235258307
-2.12,1.2763635517882248,-0.33136452314891773,-3.2887816403044465
-2.0919999999999996,1.3076366439658362,-0.27449483433374633,-3.2298427903657276
-2.064,1.3388855235574026,-0.2176485664162484,-3.170448834536348
-2.0359999999999996,1.370108151325664,-0.16082470418187303,-3.1105999753230136
-2.008,1.4013005095644666,-0.10408336450873328,-3.0502990020667444
-1.9799999999999995,1.432459510269188,-0.04751622730247281,-2.989632732771035
-1.952,1.4635834775407914,0.008861307688071245,-2.9286704199011684
-1.9239999999999995,1.4946722784007644,0.06503958420474691,-2.8674413850157374
-1.896,1.5257212136069822,0.12104459578168747,-2.8060269542407674
-1.8679999999999994,1.5567301034025585,0.17691113234719663,-2.7445894418561294
-1.8399999999999999,1.5876939300736843,0.23268522466023062,-2.6831196176292686
-1.8120000000000003,1.618604716902719,0.28841171702467666,-2.621946113151199
-1.7839999999999998,1.6494620421322692,0.3442014774220358,-2.5609824327669006
-1.7560000000000002,1.6802640307141032,0.4000981631404602,-2.500238872835552
-1.7279999999999998,1.7110080566548227,0.4561485072113508,-2.439710842399129
-1.7000000000000002,1.7416910958511418,0.5123767152742553,-2.3793968329347144
-1.6719999999999997,1.7723073248465728,0.5687894271102207,-2.3193528123418385
-1.6440000000000001,1.8028430718968311,0.625396864159428,-2.2595454126363137
-1.6159999999999997,1.8332987730012034,0.6822440326521085,-2.2000459740669633
-1.588,1.8636725152200786,0.7393352861432384,-2.140773935935246
-1.5599999999999996,1.8939610737607229,0.7966605544562715,-2.0817516402822234
-1.532,1.924159913349765,0.8542128702723634,-2.0229054866855463
-1.5039999999999996,1.95426346029318,0.9119406596448081,-1.9641789337872366
-1.476,1.9842494392405523,0.9697977907863288,-1.9054908903113745
-1.4479999999999995,2.0141184500635108,1.0277865842078675,-1.8467846988502563
-1.42,2.0438684296373504,1.085815054360887,-1.7879330465222525
-1.3919999999999995,2.0734973697683694,1.1438853795555448,-1.7289364327223733
-1.3639999999999999,2.102999832913813,1.2019575717388185,-1.6697158296881665
-1.3360000000000003,2.1323691869872023,1.2600067851972856,-1.6102613387623457
-1.3079999999999998,2.161577745196702,1.3180101090604714,-1.550559494079758
-1.2800000000000002,2.190621689543839,1.3758992115494135,-1.4905699788995526
-1.2519999999999998,2.219502721455822,1.433687961941459,-1.4303173517676326
-1.2240000000000002,2.248217205299238,1.4913202219060802,-1.3697918270127507
-1.1959999999999997,2.2767593979424645,1.5487813625792464,-1.3090214858696971
-1.1680000000000001,2.3051231233335674,1.606110895833115,-1.2480652053316226
-1.1399999999999997,2.3332843837943344,1.6632315337960124,-1.1869265130825297
-1.112,2.3612224402180604,1.7201873748665224,-1.1257079666764278
-1.0839999999999996,2.388950603604676,1.7769724714569997,-1.0644166842177314
-1.056,2.4164647151670926,1.8335006321632024,-1.0031210015998497
-1.0279999999999996,2.4437591535019068,1.8898481731556815,-0.9418790189415077
-1.0,2.470827339401146,1.9458920628939878,-0.8806883649617213
-0.9719999999999995,2.497652153322919,2.001763858255771,-0.8196588743978968
-0.944,2.524204192695106,2.0574205908510343,-0.7587660386412236
-0.9159999999999995,2.550503846368457,2.1127691438668186,-0.6980793103168931
-0.8879999999999999,2.576548770644208,2.1677953906109906,-0.6376264877813641
-0.8599999999999994,2.602333337611605,2.22235841835167,-0.5773768683370424
-0.8319999999999999,2.62785865597756,2.276389336452824,-0.5174294966730612
-0.8040000000000003,2.653120735015617,2.3298632863033615,-0.45772235037623166
-0.7759999999999998,2.678087689049153,2.3827382286133774,-0.39833077248739956
-0.7480000000000002,2.7027760397033767,2.4349618587286925,-0.33923921005897484
-0.7199999999999998,2.7271885635258815,2.4863852834296587,-0.28046806158302345
-0.6920000000000002,2.7513403031318338,2.536816790787434,-0.22207442016749898
-0.6639999999999997,2.7752365170308946,2.5859986201718144,-0.16401333244924587
-0.6360000000000001,2.7988819403871363,2.633912301075087,-0.10633121995434369
-0.6079999999999997,2.822266560345019,2.680403182362546,-0.04905023544716506
-0.5800000000000001,2.8454018808614023,2.7254176314390652,0.007803996270462654
-0.5519999999999996,2.868303719236408,2.768790688045112,0.06413602277792967
-0.524,2.8909912107449576,2.8102788702841006,0.11990210147929949
-0.4959999999999995,2.9134869260391913,2.849805932433249,0.1750287883129506
-0.46799999999999997,2.9358189543704842,2.88724007129353,0.2294341450017192
-0.4399999999999995,2.9579959149618293,2.922550044704855,0.28310041044794504
-0.4119999999999999,2.980040272080824,2.9557508307521387,0.3358844280459704
-0.38399999999999945,3.0019933571031854,2.9867886315615166,0.38773456170272363
-0.35599999999999987,3.023885651529087,3.0155591237556028,0.4384947411363981
-0.3279999999999994,3.0457561738131056,3.042188064540342,0.48803358387493245
-0.2999999999999998,3.06763899121822,3.0668847547545974,0.5362987098254728
-0.27200000000000024,3.089560010568421,3.0897928684035976,0.5832016500256356
-0.24399999999999974,3.1115803235139468,3.1112989006489973,0.6286609286149697
-0.21600000000000016,3.133744385036417,3.131599801672829,0.672599419735005
-0.18799999999999972,3.1561125248387487,3.1508720464957127,0.7149886472601289
-0.16000000000000011,3.1787299569547227,3.1693398013187313,0.7556766513848974
-0.13199999999999965,3.2016451186142807,3.187130771372816,0.7946753993073254
-0.10400000000000012,3.2249097760013554,3.2044025346587204,0.8319538739814422
-0.07599999999999964,3.2485591183350992,3.2210499181068863,0.8674907826291081
-0.04800000000000003,3.272622863555262,3.2371471528744875,0.9013129079143395
-0.019999999999999574,3.2971712922714755,3.252674993045685,0.9334460220732714
0.008000000000000921,3.322253429413995,3.2675791091400814,0.9639500685926385
0.03599999999999957,3.347904633870232,3.2820256810716746,0.9929170990284552
0.06400000000000007,3.374141274189182,3.2961440220343214,1.020462746351991
0.09200000000000053,3.4009754928411007,3.310152514917241,1.0467311001224426
0.120000000000001,3.4284136498303366,3.32425045060825,1.0718630471085153
0.1479999999999997,3.4564519373620426,3.3383320283907416,1.0959811685326413
0.17600000000000013,3.485079464940606,3.3522208870205414,1.1191883964059457
0.20400000000000063,3.5142821085106104,3.365804206221904,1.1416010842905975
0.23199999999999935,3.544046288944899,3.3788453693477187,1.1632916951569692
0.2599999999999998,3.574324711389625,3.3912682666413034,1.184323514188271
0.28800000000000026,3.6050625837864474,3.4031060163643194,1.2047296858750034
0.3160000000000008,3.636208531851944,3.4146099440194746,1.2245413731882244
0.3439999999999994,3.6676735584083646,3.426123445849684,1.2437907275843263
0.3719999999999999,3.69940181932757,3.4376865695993213,1.2625179853680206
0.4000000000000004,3.731318809245209,3.449372173589512,1.280785387361844
0.4280000000000008,3.763327769643006,3.4610097128804114,1.29864457007291
0.4559999999999995,3.79536552099386,3.4721021098551197,1.316135047300987
0.484,3.8273189870465214,3.4825994646512872,1.3332735582397914
0.5120000000000005,3.8591193427525625,3.492702065480589,1.3500654920277786
0.5400000000000009,3.890666891543136,3.502508704622205,1.3664683027839524
0.5679999999999996,3.921864123180063,3.5124497164883994,1.3824806414590851
0.5960000000000001,3.9526287769642683,3.5227659633314787,1.3980866767347095
0.6240000000000006,3.9828464522874167,3.533635010214902,1.413312040544031
0.652000000000001,4.012407496924398,3.545107754491862,1.4282044048200038
0.6799999999999997,4.041242409801382,3.5568844429356434,1.4428222758062597
0.7080000000000002,4.069276431963506,3.5690438891245724,1.4572271855400822
0.7360000000000007,4.096420698202388,3.5816584618922924,1.4714446362655258
0.7639999999999993,4.122577685906871,3.594801963425456,1.4854838029471804
0.7919999999999998,4.147659645236615,3.6083818415447437,1.4993085020180914
0.8200000000000003,4.17158977716892,3.6221254729616112,1.512913299844487
0.8480000000000008,4.194266275625243,3.635860731490287,1.526295149480315
0.8759999999999994,4.215596823146883,3.6495273636618646,1.5394732489683676
0.9039999999999999,4.235474611123834,3.6629479371582243,1.5524842153947571
0.9320000000000004,4.253899831784018,3.6760418121898804,1.5653570257287435
0.9600000000000009,4.27075908221563,3.6888137250725017,1.5781318754218172
0.9879999999999995,4.2859983034946305,3.7011973622034766,1.5907991548900235
1.016,4.299549050217873,3.713152407112837,1.603383125212752
1.0440000000000005,4.311313256961427,3.7246053166975535,1.6158777227613161
1.072000000000001,4.32124572067489,3.7355435629535028,1.6282898486241022
1.0999999999999996,4.329259013714695,3.7459803179922493,1.640631676247609
1.1280000000000001,4.335279751452158,3.755845244965703,1.6528866599097838
1.1560000000000006,4.3393241638499545,3.765210343404301,1.665034731897019
1.184000000000001,4.341292604404115,3.7740242198322207,1.6770337323066202
1.2119999999999997,4.3411905687338965,3.782200608399602,1.6888705839977156
1.2400000000000002,4.338980604193617,3.7896539581689566,1.7004784072871597
1.2680000000000007,4.334578824510188,3.796300401675588,1.7118571019893145
1.2959999999999994,4.328016354941121,3.8021260819019886,1.7229684084824546
1.3239999999999998,4.319197308770488,3.8070402520769386,1.7337877698954316
1.3520000000000003,4.308156994107456,3.8110597626334304,1.7443027667733568
1.3800000000000008,4.2948704012098124,3.814204179507291,1.7544807641192628
1.4079999999999995,4.279380999295226,3.8163130986365044,1.7643095509357467
1.436,4.261732918388926,3.8173969162245203,1.7737576304002032
1.4640000000000004,4.241886971012834,3.8174135107013596,1.7828260099088402
1.4920000000000009,4.219896052371813,3.816301443849432,1.7914833189182093
1.5199999999999996,4.1958340754038534,3.813924140343421,1.7997160771154868
1.548,4.169730644111453,3.8100446861508632,1.8075021647841607
1.5760000000000005,4.1416758139547944,3.804409891453558,1.8147994817295643
1.604000000000001,4.111699604630029,3.7963690534474837,1.8215922571766987
1.6319999999999997,4.080042295895351,3.7852872405248146,1.8278430978743356
1.6600000000000001,4.046766800189632,3.7708969874055303,1.8335341468716164
1.6880000000000006,4.012015384881178,3.752542628056035,1.8386235172792447
1.716000000000001,3.9760092469368016,3.729892836336882,1.8430885701712234
1.7439999999999998,3.9388723039239055,3.7017936725658096,1.8468969111861837
1.7720000000000002,3.9008746494667217,3.6677020759744576,1.849998365335711
1.8000000000000007,3.8622062181523518,3.627178561199275,1.852379551515218
1.8279999999999994,3.8231482598733284,3.578582929154235,1.8539668996916518
1.8559999999999999,3.7840154445731744,3.5216187214510724,1.854708198598968
1.8840000000000003,3.745023129910074,3.4548376686823175,1.8545044572897462
1.9120000000000008,3.7065191292440924,3.3766563870103754,1.853252530023019
1.9399999999999995,3.668801421461837,3.2846652210401266,1.8507915031484394
1.968,3.632106839026804,3.1729163285478847,1.8469822976821701
1.9960000000000004,3.596743576163081,3.0389158622854495,1.8416536626972428
2.024000000000001,3.562897651416819,2.8817033605109357,1.8346370016728588
2.0519999999999996,3.5308203165148333,2.700180442965545,1.8257754784084383
2.08,3.5006364364872944,2.49673445859287,1.814910760626617
2.1080000000000005,3.4724525645810718,2.271353096105382,1.8018995456892088
2.136000000000001,3.4463569772621887,2.0259891741144456,1.7866290376904603
2.1639999999999997,3.4223014942201453,1.7558704790650794,1.7690402784722856
2.192,3.400288128498925,1.4554216533327864,1.74911143529535
2.2200000000000006,3.380217529464578,1.130018589680489,1.726840132294253
2.2479999999999993,3.3619863103609138,0.7740758388790115,1.7022187852716237
2.276,3.3454651273446006,0.3865637067220818,1.6752847529526662
2.3040000000000003,3.3305178701216263,-0.03329632742604138,1.6462529501753647
2.3320000000000007,3.316981214847186,-0.48696884430412574,1.6154640628654966
2.3599999999999994,3.3047292363596603,-0.9754632941026631,1.5833824759132307
2.388,3.2935977144357587,-1.5044063377408425,1.550518434239953
2.4160000000000004,3.283472605999497,-2.0601698640402306,1.5172975526512298
2.444000000000001,3.2742232426823494,-2.640188748355205,1.4839764399507496
2.4719999999999995,3.2657380527410083,-3.247209513724614,1.450611711781953
2.5,3.2579273188930227,-3.8808719242617618,1.417123495182884
2.5280000000000005,3.250713784150446,-4.544869245639962,1.3832426460197411
2.556000000000001,3.244010515987065,-5.246960978726824,1.348594680703352
2.5839999999999996,3.2377645226165797,-6.000528075770431,1.3127045327081281
2.612,3.2319230255781295,-6.791342726432149,1.275052171631628
2.6400000000000006,3.2264381742140493,-7.606871769273625,1.2350352324782672
2.668000000000001,3.221277726936464,-8.454424489512153,1.1920546384103305
2.6959999999999997,3.216401574810888,-9.337289889194892,1.1454444720032446
2.724,3.211790031376511,-10.249202031162637,1.094560416649172
2.7520000000000007,3.2074215880270387,-11.195614727809579,1.0387500060277073
2.7799999999999994,3.2032714340772483,-12.177600880553102,0.9773009427526453
2.808,3.199320801615983,-13.188538842916252,0.909499577627777
2.8360000000000003,3.1955560388691477,-14.220044235514795,0.8345323126240671
2.8640000000000008,3.191961708648383,-15.281362952684725,0.7515387210408272
2.8919999999999995,3.188529694166691,-16.388499321134656,0.6595681465288096
2.92,3.1852476286170823,-17.528308623162363,0.5575293925201963
2.9480000000000004,3.182107223377805,-18.710738655277964,0.4440211533611628
2.976000000000001,3.179098014880793,-19.9389906593209,0.3171220898837722
3.0039999999999996,3.176208807599932,-21.200614602571456,0.17517330674476145
3.032,3.1734312435747247,-22.485176358869996,0.016359008200174073
3.0600000000000005,3.1707596978452326,-23.79778821888767,-0.16095200796152895
3.088000000000001,3.168188384724014,-25.153002450799036,-0.3568430828827472
3.1159999999999997,3.165714767719642,-26.534753424581655,-0.5719249143724656
3.144,3.163331026759948,-27.942584787530834,-0.8066954952049306
3.1720000000000006,3.1610310011963967,-29.3861847816788,-1.0615094648178691
3.200000000000001,3.158808647177124,-30.863722994660222,-1.3380794318741844
3.2279999999999998,3.1566588061873495,-32.36756243488847,-1.63781026012501
3.2560000000000002,3.154582230013862,-33.910415791272705,-1.9627026058839447
3.2840000000000007,3.152578543230558,-35.50684785164835,-2.3131572443582984
3.3119999999999994,3.1506437008892765,-37.14107386737932,-2.6904573540578722
3.34,3.148773402310225,-38.797983411079116,-3.097331145955391
3.3680000000000003,3.1469627206374775,-40.48393260474277,-3.5344778957660865
3.396000000000001,3.1452086436461957,-42.206228575777274,-4.006582601040784
3.4239999999999995,3.14351274134041,-43.94728743525178,-4.512024036933248
3.452,3.141874175369255,-45.722449714105174,-5.04890603279187
3.4800000000000004,3.1402949316614945,-47.548900342535916,-5.613412560442645
3.508000000000001,3.138772294535267,-49.41581185097032,-6.203523621193226
3.5359999999999996,3.13729980530697,-51.3021350197343,-6.82017188345363
3.564,3.13586892093148,-53.217720378493716,-7.464150342316235
3.5920000000000005,3.1344823938629847,-55.18214791900225,-8.139906172472395
3.620000000000001,3.1331401609500578,-57.17173687639524,-8.852572942392538
3.6479999999999997,3.1318456628152695,-59.19449409231748,-9.606135239526733
3.676,3.13059789306983,-61.260234346548465,-10.392210810162844
3.7040000000000006,3.1293882497402365,-63.35787052553964,-11.21073310172078
3.732000000000001,3.128211303529975,-65.47294191138417,-12.06049326644807
3.76,3.1270638545569636,-67.61538305035609,-12.94362438414331
3.7880000000000003,3.125938944794055,-69.81676885642955,-13.859206680202847
3.8160000000000007,3.124846238710191,-72.04758142405464,-14.806424012395217
3.8439999999999994,3.1237868278466596,-74.30613402152561,-15.788062074678278
3.872,3.1227559364059547,-76.60846812625842,-16.797915010209252
3.9000000000000004,3.121750119601861,-78.95207906151519,-17.853359696158286
3.928000000000001,3.1207567369236124,-81.31358753978026,-18.93105091782534
3.9559999999999995,3.1197749136374817,-83.70788515226349,-20.046348738992243
3.984,3.118808038533341,-86.15904911610058,-21.22672498393907
4.0120000000000005,3.117859050704993,-88.63931842330007,-22.430540383683923
4.040000000000001,3.1169313603110043,-91.16585025743653,-23.68342150056786
4.068,3.1160225967340556,-93.68560171403428,-25.023276213956752
4.096,3.115122899588762,-94.01314115109595,-26.368672622878226
4.1240000000000006,3.1142280160753866,-93.9703428864144,-27.768891800010476
4.152000000000001,3.113334147344798,-93.92617604084933,-29.51837419856211
4.18,3.1124474520679755,-93.88314143019049,-42.40116308713458
4.208,3.1115750422026176,-93.84013796989319,-62.5359844172264
4.236000000000001,3.110718387217641,-93.7962205106973,-79.71714612682078
4.264000000000001,3.1098734348665413,-93.75330460682764,-81.98815016216781
4.292,3.1090316568124234,-93.71041604032217,-84.28842222878056
4.32,3.10818917730369,-93.66671747277138,-86.68577423376783
4.348000000000001,3.1073434371456545,-93.6239058240647,-89.20523856952806
4.3759999999999994,3.1065043149304095,-93.58035389168185,-93.93542744607937
4.404,3.1056768822437917,-93.53761212675037,-93.89174913924435
4.432,3.1048640032742894,-93.49419348542574,-93.84654937289089
4.460000000000001,3.1040583297858304,-93.451515274937,-93.80302427834333
4.4879999999999995,3.1032546461727493,-93.40821790673891,-93.75811513104469
4.516,3.1024439402445076,-93.36499529706667,-93.71338345028676
4.5440000000000005,3.1016327208221024,-93.32241060868888,-93.67008042358579
4.572000000000001,3.1008243834237175,-93.27929179112995,-93.62559303104544
4.6,3.100029530459172,-93.23675664479345,-93.58240603911604
4.628,3.0992478600204194,-93.1937324572975,-93.53813927055376
4.656000000000001,3.0984704197704493,-93.15076669764612,-93.49400773473147
4.684000000000001,3.097691560506685,-93.10830464082052,-93.4509899440241
4.712,3.0969066271861525,-93.06542011869922,-93.40704519482786
4.74,3.096118215470403,-93.02258579643139,-93.36321515392264
4.768000000000001,3.095334039795739,-92.98018653508497,-93.32034087691206
4.796000000000001,3.0945618507795056,-92.93742206233055,-93.27666954497454
4.824,3.0938016827018835,-92.89505618369418,-93.23387087365381
4.852,3.0930448058872533,-92.8523555509753,-93.19034368864688
4.880000000000001,3.092282753084004,-92.80969440998652,-93.14690524314732
4.9079999999999995,3.0915144013960147,-92.76737793056401,-93.10421758801768
4.936,3.0907409752935364,-92.72477179356237,-93.06090219450766
4.964,3.0899713367016983,-92.68248161666092,-93.01827323336154
4.992000000000001,3.0892128340573604,-92.63992580650694,-92.97506987713098
5.02,3.088464639139896,-92.59765969986572,-92.93249437748274
5.048,3.0877184226750347,-92.55514995316761,-92.88939310890808
5.0760000000000005,3.0869638579632737,-92.51290588131165,-92.84686634077994
5.104000000000001,3.08620108924535,-92.4704383092868,-92.80385815957351
5.132,3.085433042004149,-92.42821441501914,-92.76137584143427
5.16,3.0846666070793534,-92.3857854684545,-92.71845259549409
5.188000000000001,3.0839102082281604,-92.34358005627028,-92.67601084693176
5.216000000000001,3.0831617587078215,-92.30118649409228,-92.63316514363872
5.244,3.0824133508139853,-92.25899801528769,-92.59076044378689
5.272,3.0816534870426486,-92.21663687631907,-92.547985571961
5.300000000000001,3.080882888940116,-92.17446391559865,-92.50561472286329
5.327999999999999,3.080105094723595,-92.13213249313677,-92.46290458388626
5.356,3.0793264497552872,-92.08997375654914,-92.42056467811582
5.384,3.0785553315263754,-92.04781949317895,-92.37823448671058
5.412000000000001,3.0777892989037663,-92.00552387950206,-92.33560211692867
5.4399999999999995,3.077019853499031,-91.96338228509536,-92.29329939508138
5.468,3.0762356271135687,-91.92111093731425,-92.25071958050931
5.496,3.0754367641450626,-91.87898096052935,-92.20844199255144
5.524000000000001,3.0746264424726295,-91.83685463826097,-92.16617229981055
5.552,3.0738121578383177,-91.79461254519161,-92.12365568989232
5.58,3.0730008372155786,-91.75249657576707,-92.08140833474661
5.6080000000000005,3.072190115281765,-91.71038386343481,-92.03916799844211
5.636000000000001,3.0713707275061255,-91.66816784355521,-91.99670757689692
5.664,3.070531402004211,-91.62606435933213,-91.95448710391359
5.692,3.069671161806959,-91.58396377869413,-91.91227287390629
5.720000000000001,3.068792993939687,-91.54177100207579,-91.86986242924961
5.748000000000001,3.0679047178956287,-91.49967864887161,-91.82766587099385
5.776,3.0670120807931163,-91.45758888466757,-91.78547486817165
5.804,3.066112628084696,-91.4154168329839,-91.74310889610354
5.832000000000001,3.0651956488566054,-91.37333440553441,-91.70093362210294
5.859999999999999,3.0642505612296116,-91.3312542870244,-91.65876329373955
5.888,3.063274740733583,-91.28917641236816,-91.6165977696063
5.916,3.062270686169031,-91.24702714350614,-91.5742805890067
5.944000000000001,3.0612450272617284,-91.20495562819971,-91.53212866995327
5.9719999999999995,3.0602028635713174,-91.16288611444223,-91.4899810297137
6.0,3.0591409325840786,-91.12075286787305,-91.44769810159993
