log(S),log(latetype),log(unlensed),log(lensed)
-8.0,-112.14183025202915,-112.44286024769313,-112.44286024769313
-7.972,-112.09983025202915,-112.40086024769313,-112.40086024769313
-7.944,-112.06086243967884,-112.35886024769313,-112.35886024769313
-7.916,-112.01886243967886,-112.31686024769313,-112.31686024769313
-7.888,-111.98290519910584,-112.27486024769313,-112.27486024769313
-7.86,-111.94686150801515,-112.23286024769314,-112.23286024769314
-7.832,-111.90486150801514,-112.19086024769314,-112.19086024769314
-7.804,-111.87191366965561,-112.14886024769314,-112.14886024769314
-7.776,-111.82991366965561,-112.10686024769313,-112.10686024769313
-7.748,-111.80017155889077,-112.06486024769313,-112.06486024769313
-7.72,-111.76399803038771,-112.02894594226838,-112.02890452812301
-7.692,-111.7284294528284,-111.98694594226839,-111.986904528123
-7.664,-111.69868735160311,-111.95720382483519,-111.95707844349039
-7.636,-111.65668735160313,-111.92746171191358,-111.92725117808685
-7.608,-111.62694525535342,-111.88546171191359,-111.88525117808685
-7.58,-111.59720316422172,-111.85571960363272,-111.85542268059481
-7.552,-111.55520316422172,-111.81371960363272,-111.81342268059481
-7.524,-111.52546107835457,-111.78397750012543,-111.78359289852702
-7.496,-111.4898061773734,-111.7542354015284,-111.75376177819005
-7.468,-111.45371899790263,-111.7122354015284,-111.71176177819005
-7.4399999999999995,-111.42397692302096,-111.68249330798217,-111.68192926464717
-7.412,-111.3883220278492,-111.65275121963136,-111.65210010653698
-7.384,-111.352234853869,-111.61075121963135,-111.61010925061325
-7.356,-111.32249279061081,-111.58100913662467,-111.58030037930128
-7.328,-111.28683790158586,-111.5512670591151,-111.550495529677
-7.3,-111.25075073341509,-111.5092670591151,-111.50853309598689
-7.272,-111.21509584759612,-111.47952498726004,-111.47874388222353
-7.244,-111.18535379993419,-111.44978292122133,-111.44895368536795
-7.216,-111.14926663791024,-111.40778292122133,-111.40700385213455
-7.188,-111.11361175878123,-111.3780408611655,-111.3772231273335
-7.16,-111.08386972432356,-111.3360408611655,-111.33527247814784
-7.132,-111.04778256880338,-111.30629880726381,-111.30549544837925
-7.104,-111.01212769675286,-111.27655675969247,-111.2757181360195
-7.076,-110.98238567626626,-111.23455675969247,-111.23376895638576
-7.048,-110.9526436630666,-111.20481471863266,-111.20399652847445
-7.02,-110.91064366306661,-111.17507268427083,-111.17422172577258
-6.992,-110.88090165305171,-111.13307268427083,-111.13227493785868
-6.964,-87.66210751838018,-111.10333065679869,-111.10250553407101
-6.936,-64.2015425624549,-111.0735886364135,-111.0727332287037
-6.9079999999999995,-64.76209926256476,-111.04384662331815,-111.04296201475111
-6.88,-46.76747551189681,-111.00184662331814,-111.00102299112571
-6.852,-33.47074607586905,-110.9721046177213,-110.97125394171641
-6.824,-26.91688886675812,-110.94236261983764,-110.94148792783876
-6.796,-24.323276818301714,-110.91262062988798,-110.91172486511641
-6.768,-18.104607778055705,-110.88287864809945,-110.88195906128176
-6.74,-14.501503400835471,-110.8531366747057,-110.85219811985398
-6.712,-14.202239334024895,-110.82339470994702,-110.82243836382702
-6.684,-12.642167253189342,-110.79365275407065,-110.79267561821149
-6.656,-11.601808698817859,-110.76391080733086,-110.76291961941692
-6.628,-10.817189946468453,-110.7341688699892,-110.73316395992532
-6.6,-10.787192859981097,-110.70442694231475,-110.70340960706837
-6.572,-10.108632596045588,-110.66242694231475,-110.66147803698277
-6.5440000000000005,-9.496598155349185,-110.63268502458425,-110.6317289153184
-6.516,-8.936641685596348,-110.60294311708236,-110.60198472352049
-6.4879999999999995,-8.422215076570875,-110.57320122010195,-110.57224377590651
-6.46,-7.948863716181884,-110.54345933394418,-110.54250455441242
-6.432,-7.917287157484982,-110.52597559534489,-110.52495585501481
-6.404,-7.486724673553176,-110.50849190387112,-110.50741078322795
-6.3759999999999994,-7.093482646597536,-110.47875007665549,-110.47767947422793
-6.348,-6.732365497003307,-110.46126646105104,-110.46014078906528
-6.32,-6.3996778595628205,-110.43152467340677,-110.43041371273848
-6.292,-6.0960816034698135,-110.4140411403761,-110.41288008520937
-6.264,-5.819844954140972,-110.38429939580004,-110.38315610090794
-6.236,-5.5659473504473045,-110.36681595264012,-110.36562869842514
-6.208,-5.33299411392733,-110.33707425493822,-110.33590674760258
-6.18,-5.121218370540575,-110.31959090959091,-110.31838552103571
-6.152,-4.9261674865206295,-110.28984926290542,-110.28867336418129
-6.124,-4.747765347682319,-110.27236602401449,-110.2711680583847
-6.096,-4.584222099024284,-110.2548828612711,-110.25367650987205
-6.068,-4.433045192050409,-110.23739977909786,-110.23619124578545
-6.04,-4.294666402079127,-110.21991678217424,-110.21871581828997
-6.0120000000000005,-4.166143259746126,-110.20243387545156,-110.20124414237317
-5.984,-4.047937734540968,-110.18495106416874,-110.1837783024122
-5.9559999999999995,-3.93778284531995,-110.16746835386904,-110.16631545442742
-5.928,-3.835684052491401,-110.16224449068568,-110.16107301426219
-5.9,-3.740037958352253,-110.14476205925493,-110.14361805899318
-5.872,-3.6507643152335634,-110.13953864503708,-110.13838749658504
-5.843999999999999,-3.5190702497268895,-110.12205653475004,-110.12094085736088
-5.816,-3.4441295325465586,-110.11683363755895,-110.11572036482069
-5.788,-3.373041186243641,-110.09935189710035,-110.09828344693918
-5.76,-3.305357480046042,-110.08187031982257,-110.08084984474401
-5.731999999999999,-3.2102883703959613,-110.07664828075428,-110.07564714974421
-5.704,-3.1507468679260695,-110.05916715411126,-110.0582200286631
-5.676,-3.0933936355879714,-110.04168622630449,-110.04079645773895
-5.648,-3.0159489435164737,-110.03646523286137,-110.03560806124223
-5.62,-2.9638751742269727,-110.01898485415722,-110.01818821063806
-5.5920000000000005,-2.913296596648892,-110.0015047177383,-110.00076854874645
-5.564,-2.8476456370035326,-109.98402483767991,-109.98334749527552
-5.536,-2.800769830823064,-109.96654522887543,-109.96592476568622
-5.508,-2.7416101437167635,-109.94906590708379,-109.94849977113275
-5.48,-2.6861134528916857,-109.93158688897988,-109.93107241975144
-5.452,-2.643775885021569,-109.91410819220782,-109.91364239370903
-5.4239999999999995,-2.5927780468671546,-109.89662983543734,-109.89620930906798
-5.396,-2.5524275399416427,-109.87915183842347,-109.87877308752789
-5.368,-2.5049636387297536,-109.84941298131093,-109.84908311206108
-5.34,-2.4661876679819605,-109.83193556350307,-109.83163913452645
-5.311999999999999,-2.4215454891451,-109.81445856001113,-109.81419349767633
-5.284,-2.378475770977154,-109.79698199491078,-109.79674459898577
-5.256,-2.341674236461463,-109.76724388466168,-109.76703873007688
-5.228,-2.3005940472763746,-109.74976802537505,-109.74958528580575
-5.199999999999999,-2.2646916813153513,-109.7200302832686,-109.71987351439701
-5.172000000000001,-2.225241961152272,-109.70255519220866,-109.70241669519949
-5.144,-2.1900786112145267,-109.68508065068166,-109.68495955032841
-5.116,-2.151971946888964,-109.65534359590278,-109.65524071632117
-5.088,-2.1174186414842078,-109.63786993913837,-109.63778117465782
-5.0600000000000005,-2.080422372728261,-109.60813334584282,-109.60805944875736
-5.032,-2.046374122669298,-109.59066065209255,-109.59059772309584
-5.004,-2.010298057737161,-109.56092456109717,-109.56087283311082
-4.976,-1.9766687848949964,-109.5434529155404,-109.54340943022483
-4.948,-1.941356280000222,-109.51371737127594,-109.5136820374908
-4.92,-1.9080750477020685,-109.49624686663448,-109.49621744668175
-4.8919999999999995,-1.8733970615667228,-109.46651191746633,-109.4664885000269
-4.864,-1.840404672077764,-109.44904265467383,-109.44902329628337
-4.836,-1.8074974434803324,-109.41930835325122,-109.41929284817341
-4.808,-1.7735020699541855,-109.38957428023824,-109.38956202928753
-4.779999999999999,-1.7408205947930997,-109.37210684581878,-109.37209675806209
-4.752,-1.7072369878468456,-109.34237349807648,-109.34236553232452
-4.724,-1.6747433194995434,-109.31264040608308,-109.31263402807875
-4.696,-1.6415020654046102,-109.29517501888279,-109.29516982692316
-4.668,-1.6091640890855496,-109.2654427389783,-109.2654385719298
-4.640000000000001,-1.5768719986158188,-109.24797904647869,-109.24797559227828
-4.612,-1.5439985601560255,-109.2182476505427,-109.21824490507623
-4.584,-1.5118282459469825,-109.18851656632194,-109.18851434964246
-4.556,-1.4796936153554534,-109.17105536904236,-109.17105352068745
-4.5280000000000005,-1.4471069212239198,-109.14132527463798,-109.14132377552245
-4.5,-1.415067066207353,-76.0551925660227,-109.11159431013353
-4.4719999999999995,-1.3830550891698077,-34.46603788093421,-109.08186514771603
-4.444,-1.3506920975675447,-16.58788327746174,-109.0644076466636
-4.416,-1.3187541231462816,-9.432649327156435,-109.03467954984488
-4.388,-1.2868377936845703,-9.617113141613347,-109.00495182683653
-4.359999999999999,-1.2546487273769815,-9.80147562109955,-108.98749747412857
-4.332,-1.2227898037618532,-9.985443524149668,-108.95777098454694
-4.304,-1.1909477630674477,-10.316510337573364,-108.9280449360542
-4.276,-1.1588940350131975,-7.603331752090566,-108.89831933864411
-4.247999999999999,-1.1270967379877528,-7.283546091468987,-108.88086951254641
-4.22,-1.095312610965697,-6.883742145545634,-108.85114536572787
-4.192,-1.0633643179571293,-6.6137244085713025,-73.85019898102657
-4.164,-1.0316149730666766,-6.231347662139832,-30.676419348195854
-4.136,-0.999875842370473,-6.055196042753923,-22.94808918682429
-4.1080000000000005,-0.9681463032449967,-5.751690103028519,-16.003813928443684
-4.08,-0.9362972226937326,-5.566554011745345,-12.694979696652966
-4.052,-0.9045930950388779,-5.307200643530976,-11.83038702002919
-4.024,-0.8728964495256636,-5.157912108351841,-11.763158699189326
-3.9959999999999996,-0.8412068320616201,-4.942766655303825,-11.803491717162526
-3.968,-0.8094303342375122,-4.81371548480548,-11.852288843075627
-3.9399999999999995,-0.7777593374166449,-4.627218249739317,-11.500291072464421
-3.912,-0.7460938256327206,-4.454673122826087,-9.74826332993664
-3.8840000000000003,-0.7144334732230256,-4.296164937747315,-9.33026948381432
-3.856,-0.6827099486835804,-4.1562548772719055,-8.953038469819838
-3.8280000000000003,-0.6510631596127687,-4.009903839137639,-8.639968590158404
-3.8,-0.6194204032646069,-3.8105032820656985,-8.35012905039491
-3.7720000000000002,-0.5877814458469625,-3.622186821305966,-8.137809563451285
-3.7439999999999998,-0.5560965829656151,-3.5032769157134624,-7.87795072878234
-3.716,-0.5244676298373804,-3.412961170645213,-7.679215777335847
-3.6879999999999997,-0.49284167010290797,-3.359745988692697,-7.486442924273748
-3.66,-0.4612185373333511,-3.306528282438904,-7.307556936374023
-3.6319999999999997,-0.4295621133433554,-3.2533137741965237,-7.132390111078522
-3.604,-0.3979464647997738,-3.2001021300019974,-6.989844749492968
-3.5759999999999996,-0.3663330925384271,-3.146895849012812,-6.835210708118772
-3.548,-0.33472188632133065,-3.093881054794492,-6.689756772498473
-3.5199999999999996,-0.3031127389436908,-3.040934202493341,-6.554504250256323
-3.492,-0.27148101460282,-2.9879369596913277,-6.42598793824807
-3.4639999999999995,-0.23987723411348477,-2.9349600893254104,-6.2953104999337794
-3.436,-0.2082752194298998,-2.881973650777069,-6.159812416402575
-3.4079999999999995,-0.17667486255668582,-2.829014681191275,-6.031792820386756
-3.38,-0.14507611093630338,-2.776197490742072,-5.925359889458675
-3.3520000000000003,-0.11346219007283051,-2.723112327537803,-5.843111014785325
-3.324,-0.08186753086007441,-2.6700419189857207,-5.769179290422239
-3.2960000000000003,-0.05027426979325467,-2.6170671706125175,-5.700623424345236
-3.268,-0.01868247846600228,-2.5641451273025972,-5.635426595055844
-3.24,0.012907900265347851,-2.5112591212881012,-5.572675422998576
-3.2119999999999997,0.04450831306222857,-2.4583694604889264,-5.511848043034693
-3.184,0.0760952197229409,-2.4051636679351365,-5.4524097159236655
-3.1559999999999997,0.10768076297396552,-2.3518257067555184,-5.393945628981213
-3.128,0.13926495000913722,-2.29855700319143,-5.336059749419563
-3.0999999999999996,0.17084772415031307,-2.24512546465274,-5.2786427367177735
-3.072,0.20242896801804633,-2.1915918764089786,-5.22153681246893
-3.0439999999999996,0.23401595757660476,-2.1379295658895363,-5.164706677774663
-3.016,0.26559364291502535,-2.0840955458338066,-5.108050030864611
-2.9879999999999995,0.29716975958074077,-2.0302288890247,-5.051376315931509
-2.96,0.32874420195845094,-1.9763690507104124,-4.994937192955703
-2.9319999999999995,0.36031685873879876,-1.9225496949249437,-4.938711462688988
-2.904,0.3918925113799357,-1.8688492514989603,-4.882656890442226
-2.8760000000000003,0.423460840610992,-1.815130570772366,-4.826732234218322
-2.848,0.4550269970470582,-1.7612888217047615,-4.7708782241077525
-2.8200000000000003,0.4865908809874397,-1.7073316326675756,-4.714804952608909
-2.792,0.5181523852252569,-1.6533947204173918,-4.658921417515231
-2.7640000000000002,0.5497113282443734,-1.5994785778774896,-4.603087423599252
-2.7359999999999998,0.5812704520691434,-1.5455792327217557,-4.547258493990745
-2.708,0.6128230457070533,-1.4916748152385173,-4.491426048664585
-2.6799999999999997,0.6443723427878881,-1.4378737831302166,-4.435555211922133
-2.652,0.675918055854707,-1.3841482324453411,-4.379673573010931
-2.6239999999999997,0.7074599198590507,-1.3304738181817468,-4.323770770457008
-2.596,0.7389976294158204,-1.2767972765400881,-4.267897423584985
-2.5679999999999996,0.7705328530342052,-1.2230561939593994,-4.212005462659695
-2.54,0.8020608555988071,-1.1693063155858232,-4.15611872212142
-2.5119999999999996,0.8335832482730383,-1.115474494433945,-4.100143086536444
-2.484,0.8650997352481333,-1.0615539293277427,-4.044105548205304
-2.4559999999999995,0.8966099377793109,-1.0075225258485836,-3.9880562777887194
-2.428,0.9281134016694256,-0.9533672438870139,-3.932005468271585
-2.3999999999999995,0.9596107844204257,-0.8990542153709827,-3.87594172551202
-2.372,0.9910984608180307,-0.8446860697565028,-3.8199289773112612
-2.3440000000000003,1.022577042948301,-0.7901584948179672,-3.7639328773067984
-2.316,1.0540458460505695,-0.7354826092831127,-3.708031173607325
-2.2880000000000003,1.0855040162416836,-0.6806642439887179,-3.652139756978869
-2.26,1.116950816112551,-0.625751173184288,-3.5962508242877376
-2.232,1.1483855436689852,-0.5707367167802342,-3.5403588829337003
-2.2039999999999997,1.1798075045991814,-0.5155975076539203,-3.4843841409630487
-2.176,1.2112138533378987,-0.46039257620298957,-3.4282928650278777
-2.1479999999999997,1.2426041357303115,-0.40511706290124333,-3.372168774064309
-2.12,1.2739770367473517,-0.34972296182119694,-3.315900482336956
-2.0919999999999996,1.305331137878458,-0.2941408278755705,-3.2595073848920557
-2.064,1.3366644458223222,-0.23834140377218707,-3.203013357604713
-2.0359999999999996,1.3679763818677637,-0.182301655010228,-3.14631242038596
-2.008,1.3992637567078767,-0.12600402532264754,-3.089420051347271
-1.9799999999999995,1.4305248829616417,-0.0694207638490784,-3.032392712644868
-1.952,1.4617576764717806,-0.012534810157204394,-2.9751605605738
-1.9239999999999995,1.4929596291913616,0.04448914831620968,-2.917767800988885
-1.896,1.5241281310193278,0.10142060317160109,-2.8601865579833303
-1.8679999999999994,1.5552606361620722,0.15835521925873675,-2.802405137062842
-1.8399999999999999,1.5863542514708562,0.21515386163789224,-2.74450537724778
-1.8120000000000003,1.6174047148319113,0.2716512466935972,-2.686428602437446
-1.7839999999999998,1.6484086396972841,0.3277560113543713,-2.6281604167688513
-1.7560000000000002,1.679363543430424,0.38342716766667756,-2.569639294178662
-1.7279999999999998,1.7102650973917632,0.43865706279780825,-2.510820618731853
-1.7000000000000002,1.741109281913454,0.4935248204709062,-2.4516460830568088
-1.6719999999999997,1.7718913102761267,0.5481793784907971,-2.392076036951607
-1.6440000000000001,1.8026060494587675,0.6027301900750002,-2.3320845937792316
-1.6159999999999997,1.8332473541206376,0.6572561339177195,-2.271717376581807
-1.588,1.8638078341766118,0.7118168787745429,-2.211080581182586
-1.5599999999999996,1.894284064111513,0.7664656004617441,-2.1502904651261874
-1.532,1.9246712946457958,0.8212816938662738,-2.089394516370477
-1.5039999999999996,1.9549610908544677,0.8763642451367106,-2.028653268424925
-1.476,1.9851477682167202,0.9317236428337705,-1.9681368290084014
-1.4479999999999995,2.015222136375937,0.9873607840471615,-1.9081217154512307
-1.42,2.045176832670827,1.0432746461541527,-1.8486255171612818
-1.3919999999999995,2.0750027604003134,1.099462161459887,-1.7897231557936661
-1.3639999999999999,2.1046839363817327,1.1559366094735002,-1.7313754816900144
-1.3360000000000003,2.134219311000608,1.2127080829038936,-1.6735042955415067
-1.3079999999999998,2.1635988268632897,1.2697383700965226,-1.6160147140764805
-1.2800000000000002,2.1928106403596597,1.326983065570735,-1.5587932540751799
-1.2519999999999998,2.22184677931737,1.3843870145886128,-1.5017239441175654
-1.2240000000000002,2.250694393158839,1.4419159779591644,-1.444716720257268
-1.1959999999999997,2.2793401241575864,1.4995195809725557,-1.3876252720232751
-1.1680000000000001,2.307771658649477,1.5572011158943992,-1.3303776060503827
-1.1399999999999997,2.3359694307437513,1.614912416432635,-1.2728795024617146
-1.112,2.363930636739609,1.6725860401883936,-1.2150803214214512
-1.0839999999999996,2.391633068643296,1.7302060377637627,-1.1569591488328927
-1.056,2.4190765131700678,1.7877351426538177,-1.0984725336521342
-1.0279999999999996,2.4462419312849835,1.8452160424516355,-1.0396232829109446
-1.0,2.4731186121333115,1.9026521259679188,-0.9804012447418345
-0.9719999999999995,2.499686513206387,1.9599673032844827,-0.9208273412937688
-0.944,2.525930341955317,2.017101054025247,-0.8609425698741385
-0.9159999999999995,2.551845153960368,2.0741168087961444,-0.8007894916327398
-0.8879999999999999,2.5773994255231383,2.1309694095720078,-0.7404190989735097
-0.8599999999999994,2.602589987855639,2.1875659983014613,-0.67988626352621
-0.8319999999999999,2.6274268659446913,2.2438472121713726,-0.6192295511964311
-0.8040000000000003,2.65188006721085,2.2997878434171297,-0.5585207275519622
-0.7759999999999998,2.6759491887610283,2.355319933472686,-0.4977996465467241
-0.7480000000000002,2.6996132503509456,2.410397602332126,-0.43712958992794837
-0.7199999999999998,2.722879914287867,2.4650327088597344,-0.37653002428958315
-0.6920000000000002,2.7457443561843036,2.5191700716484697,-0.316015279797993
-0.6639999999999997,2.768167163454029,2.572755115681069,-0.25563366528338266
-0.6360000000000001,2.7902036238466703,2.6255792219096667,-0.195387379431715
-0.6079999999999997,2.8118483800514915,2.677495909186446,-0.13532154662327772
-0.5800000000000001,2.833086722232798,2.7282802234568604,-0.07545107923100891
-0.5519999999999996,2.853960545807452,2.7778538176450276,-0.01582577058895923
-0.524,2.8744742569739508,2.8259615958427164,0.043532706087969046
-0.4959999999999995,2.894654477909065,2.872371304351359,0.10255857752528813
-0.46799999999999997,2.9145249123995227,2.9166214454267947,0.16122586614638476
-0.4399999999999995,2.9341139297849788,2.9578981637907624,0.21952129424091604
-0.4119999999999999,2.953518685167305,2.9955371230153234,0.27739857832016224
-0.38399999999999945,2.972716459249204,3.029227014561492,0.33482566384335105
-0.35599999999999987,2.9918222624244226,3.0591591897804427,0.39174382920759204
-0.3279999999999994,3.010891203362341,3.0858270036489315,0.44811211492446684
-0.2999999999999998,3.0299947531732765,3.109802559495348,0.5038470936880327
-0.27200000000000024,3.0492128034546386,3.131537261736018,0.5588742626751049
-0.24399999999999974,3.068615414622286,3.151585429060098,0.613068491351693
-0.21600000000000016,3.0883634599419802,3.170272836469837,0.6662896763584747
-0.18799999999999972,3.1085044534377824,3.1879009558186326,0.7183492838502136
-0.16000000000000011,3.1291462788712034,3.2047253884250813,0.7689854715895948
-0.13199999999999965,3.1504344924250285,3.220821878495796,0.8178221040622742
-0.10400000000000012,3.1724333733038175,3.236126879135277,0.8644478958737046
-0.07599999999999964,3.195247730707171,3.2506086102114975,0.9085406487207675
-0.04800000000000003,3.2189480981421856,3.264329037750947,0.9498211565236865
-0.019999999999999574,3.2436322815652057,3.277579904204861,0.988298866973402
0.008000000000000921,3.2693682151548384,3.2907893926197667,1.0240381767567126
0.03599999999999957,3.296137306101032,3.3042870912048348,1.0572699503051262
0.06400000000000007,3.3240330437260903,3.318191070574539,1.0882296508522415
0.09200000000000053,3.3529943875728603,3.3324688177929067,1.11720395243938
0.120000000000001,3.3830061354820944,3.3467382221422395,1.1444883125643193
0.1479999999999997,3.414024658469912,3.360680443848123,1.1702947477306425
0.17600000000000013,3.4459380741041272,3.3741310039820958,1.1948837592356227
0.20400000000000063,3.4787159500355784,3.3870333757614524,1.2184270151770813
0.23199999999999935,3.5121766381908506,3.399522604355205,1.2410576358551346
0.2599999999999998,3.546233595080282,3.411893992402292,1.262900319626662
0.28800000000000026,3.5807723604291635,3.424521480957652,1.2840851086657752
0.3160000000000008,3.61555811119709,3.437349660042648,1.3047307002178743
0.3439999999999994,3.650526755657629,3.450202074851081,1.3249617493632224
0.3719999999999999,3.6854694445503777,3.4631182914506966,1.3448930437138433
0.4000000000000004,3.7202685665582824,3.4761812342385117,1.3645587975944178
0.4280000000000008,3.7547793673879863,3.48939936787678,1.383978386746846
0.4559999999999995,3.7887616601205574,3.5026916546670157,1.4030926134721284
0.484,3.8222278797098466,3.5160050185779634,1.4218324913466098
0.5120000000000005,3.8548965791616134,3.529788395708453,1.440133123271344
0.5400000000000009,3.8867043536695953,3.5440483149966844,1.4579500136892314
0.5679999999999996,3.9175316089904317,3.558396101800634,1.4752752401292317
0.5960000000000001,3.9472214766926594,3.5728992878601513,1.492134083277973
0.6240000000000006,3.9757070299336887,3.5875910462301825,1.508566648260049
0.652000000000001,4.002795173899994,3.6023461383953137,1.524603687646986
0.6799999999999997,4.028483646463018,3.616852161229757,1.5402964018970469
0.7080000000000002,4.0526657061799565,3.631067869116429,1.5556699219527472
0.7360000000000007,4.075104888854097,3.6451265813658202,1.5707521323750062
0.7639999999999993,4.09587477084643,3.6590489503204973,1.5855815114683525
0.7919999999999998,4.1148544246891365,3.6727072847070574,1.6001885927391397
0.8200000000000003,4.131899914261038,3.686049606929557,1.614610350047622
0.8480000000000008,4.146971704377939,3.6990475134667826,1.6288654933462445
0.8759999999999994,4.160012162824381,3.711580827142798,1.6429843441003236
0.9039999999999999,4.17095807060774,3.7235573206162367,1.6569532099340583
0.9320000000000004,4.179679699220154,3.7349978434559477,1.6707839934086581
0.9600000000000009,4.186177279804421,3.7459015579902295,1.68445662924818
0.9879999999999995,4.190421751540017,3.756238137140548,1.6979535583370207
1.016,4.192263944829937,3.7659822069627196,1.7112452215810752
1.0440000000000005,4.191715346607497,3.775119426017632,1.7243218547007104
1.072000000000001,4.1887308870837545,3.7836217264555176,1.7371737039286168
1.0999999999999996,4.183291257972283,3.7915330814279042,1.7497913078940452
1.1280000000000001,4.1753094580902195,3.798904691883209,1.7621635588731948
1.1560000000000006,4.16475683173749,3.8057477891365252,1.774259060718497
1.184000000000001,4.151676750167144,3.8119724146467227,1.7860512737727146
1.2119999999999997,4.135962320754923,3.8174499023282613,1.797508073757517
1.2400000000000002,4.117653526953817,3.8220928483061534,1.80860004704036
1.2680000000000007,4.096732716786839,3.825821542239913,1.819301606698233
1.2959999999999994,4.073211716951222,3.8285234674614603,1.8296074671893232
1.3239999999999998,4.047095893014005,3.8301869920492613,1.8395043284124448
1.3520000000000003,4.018358908609582,3.830757677380658,1.8489771642666784
1.3800000000000008,3.987105590398714,3.830209200282085,1.8580069130027796
1.4079999999999995,3.953360539086994,3.828520327600385,1.8665712628748994
1.436,3.9170898112942836,3.8257203795662673,1.8746602662053669
1.4640000000000004,3.878467445015414,3.8218545576278693,1.882274289476539
1.4920000000000009,3.837579305284868,3.8166459938081396,1.8894138043209725
1.5199999999999996,3.7944398735055174,3.8095660072094097,1.8960609000538116
1.548,3.7492638295961327,3.8000379510911815,1.9021840264436547
1.5760000000000005,3.7022062979401866,3.7878533306626982,1.907744384083623
1.604000000000001,3.6533952338662474,3.7725560713580597,1.9126918417701642
1.6319999999999997,3.6031086878535983,3.7534181475284107,1.9169879176900277
1.6600000000000001,3.551599705061516,3.7297356275668294,1.9205862301348033
1.6880000000000006,3.49915448808517,3.7004972026211154,1.9234694318207173
1.716000000000001,3.446094206368224,3.6638909485983326,1.9255998212983179
1.7439999999999998,3.3928396295948176,3.6190160658743067,1.9269677101838385
1.7720000000000002,3.3398055460080336,3.56648147492277,1.9275440386354328
1.8000000000000007,3.2874062066280114,3.5061020729082535,1.9273057044696442
1.8279999999999994,3.236147512453652,3.4364502457107804,1.9261764144850353
1.8559999999999999,3.1865043591730107,3.354961359216068,1.924088157183892
1.8840000000000003,3.138924836703501,3.2574336143296088,1.9209251914099488
1.9120000000000008,3.093814225918753,3.136929633125083,1.916547431418712
1.9399999999999995,3.0515936982579106,2.992085968981531,1.9108135565789304
1.968,3.012502601950224,2.8264235177803836,1.9035415574852388
1.9960000000000004,2.9767189182301106,2.6407654886680674,1.894483660885548
2.024000000000001,2.944337428330576,2.4335406099830914,1.883437364018943
2.0519999999999996,2.9153385336730673,2.2011645017360073,1.8702277015217947
2.08,2.889568493246265,1.941563237810275,1.8547178627284595
2.1080000000000005,2.8668699304066263,1.6536191549431445,1.836870828183471
2.136000000000001,2.8469497505830663,1.3391909307409056,1.8167082748431325
2.1639999999999997,2.829563134146012,1.002614707077325,1.7941786238080135
2.192,2.8143798907979307,0.6437243458635459,1.769287695422706
2.2200000000000006,2.801119421810873,0.2580474542621619,1.742105468704483
2.2479999999999993,2.7895137946284234,-0.16409353565874152,1.7127577060619907
2.276,2.7792968339904105,-0.6302012073297236,1.6816930322763937
2.3040000000000003,2.770248746640227,-1.1363981326328967,1.6494073842689445
2.3320000000000007,2.7621940684085917,-1.674433830233815,1.6163876448886392
2.3599999999999994,2.7549469447099217,-2.237996940790822,1.583034061872675
2.388,2.748384030080394,-2.827955969089264,1.549598201368853
2.4160000000000004,2.7423952128727156,-3.4498173558600977,1.5161668505405204
2.444000000000001,2.7368835846359314,-4.105536598811606,1.4826766789009242
2.4719999999999995,2.7317841970040684,-4.794609202545616,1.4488635925684061
2.5,2.7270273607044064,-5.5154810812160475,1.4143845927431782
2.5280000000000005,2.7225684550580316,-6.263094470176027,1.3787351149108367
2.556000000000001,2.7183749922757747,-7.034861034757356,1.3413822612374406
2.5839999999999996,2.714410998160782,-7.838761954961615,1.301710439421765
2.612,2.71064601658182,-8.68718844795564,1.2590398154899933
2.6400000000000006,2.707067984837407,-9.581394854730682,1.2127373941400892
2.668000000000001,2.7036559057046357,-10.516673191310907,1.1621341451435958
2.6959999999999997,2.7003970150843726,-11.484821866854974,1.1063923615661473
2.724,2.6972742708652597,-12.477598143918527,1.0448581645018415
2.7520000000000007,2.694277946052985,-13.496171308561802,0.9767877960683083
2.7799999999999994,2.6914031321792335,-14.547281654700729,0.9013336444141059
2.808,2.688641559403141,-15.635035216200203,0.817732915073752
2.8360000000000003,2.6859807487714384,-16.757387973208022,0.725198170532668
2.8640000000000008,2.683418663336431,-17.911982047660743,0.6223693531010135
2.8919999999999995,2.680949915203468,-19.093667121620754,0.5078727887231198
2.92,2.678568987086008,-20.301179974534623,0.38019078876961515
2.9480000000000004,2.6762703356458473,-21.542080217818267,0.23677801043397703
2.976000000000001,2.6740515040034176,-22.83055413249727,0.07633344974718861
3.0039999999999996,2.6719115834342517,-24.16711446776667,-0.10187033777983519
3.032,2.6698470787105295,-25.54143061505245,-0.2986483008401972
3.0600000000000005,2.6678517299924356,-26.94395617788332,-0.5154727363214953
3.088000000000001,2.6659228946485705,-28.370954952029713,-0.7533979846705171
3.1159999999999997,2.6640602014174024,-29.823961064008845,-1.0141877279423108
3.144,2.6622626288731093,-31.308720186514122,-1.2987481095977356
3.1720000000000006,2.6605276651335696,-32.8313459761917,-1.6064093458550908
3.200000000000001,2.658851877744619,-34.39643939448097,-1.9366310732141547
3.2279999999999998,2.657232263965719,-35.996549779724035,-2.289694871949491
3.2560000000000002,2.655666610381737,-37.62035284771731,-2.6674559928793604
3.2840000000000007,2.6541512573002968,-39.27318169390253,-3.0746048801706243
3.3119999999999994,2.6526838366318373,-40.96092975606173,-3.5162734540570657
3.34,2.6512647854892473,-42.689785797310144,-3.994339206201181
3.3680000000000003,2.6498934753298515,-44.46361718831644,-4.505527868509617
3.396000000000001,2.6485649605570902,-46.275589610437265,-5.0472602617066675
3.4239999999999995,2.647272421264082,-48.11359203424782,-5.616531539981918
3.452,2.6460135493141697,-49.97332043654994,-6.214267666959823
3.4800000000000004,2.6447879013885074,-51.86250428927253,-6.843365410953038
3.508000000000001,2.6435954269419413,-53.78835839886349,-7.5038444741717925
3.5359999999999996,2.6424341463958294,-55.75178807019353,-8.195434354324515
3.564,2.6413006480264554,-57.75930828904488,-8.918674321448272
3.5920000000000005,2.640193461752625,-59.80442167609772,-9.667573982494126
3.620000000000001,2.639107795851752,-61.875061062834845,-10.448867880853793
3.6479999999999997,2.6380394886540133,-63.972547526532686,-11.26254289178594
3.676,2.6369894055251635,-66.11141211176319,-12.128330209481039
3.7040000000000006,2.6359595725476903,-68.2908394816905,-13.031282529027305
3.732000000000001,2.634948983776366,-70.52671894020307,-14.003859015722037
3.76,2.633956604291499,-72.79243741686672,-14.999372350991292
3.7880000000000003,2.6329765389407602,-75.15956399326787,-16.086242866257376
3.8160000000000007,2.6320058603658403,-77.51999794108022,-17.171100835538773
3.8439999999999994,2.6310470981326297,-80.08865086387964,-18.414311264715515
3.872,2.630098880058162,-82.9551977559432,-19.800740928972623
3.9000000000000004,2.6291637890708808,-85.708753413651,-21.113323434474744
3.928000000000001,2.628242969915271,-89.01849951528504,-22.7369208996551
3.9559999999999995,2.6273307916429984,-92.50173196915526,-24.51560129081461
3.984,2.6264275190666866,-94.18056741562681,-26.76631264383106
4.0120000000000005,2.6255297569410017,-94.13724284666607,-28.88698959043111
4.040000000000001,2.624636642463439,-94.09314143019049,-42.800487869130436
4.068,2.623754322998073,-94.04916465339194,-82.44944400106903
4.096,2.622881710486378,-94.00441604032217,-85.36787562023746
4.1240000000000006,2.6220193596508214,-93.96071747277138,-88.25352862496888
4.152000000000001,2.6211637935848984,-93.91635389168185,-94.27142744607937
4.18,2.6203120989626933,-93.87289221752604,-94.22612373346817
4.208,2.6194643843928898,-93.82885695271796,-94.17954674346191
4.236000000000001,2.618620626558256,-93.78559754546343,-94.13472786963072
4.264000000000001,2.617784411628015,-93.74184294572237,-94.08881739676434
4.292,2.6169585655779417,-93.69875664479345,-94.04440603911604
4.32,2.616138387494938,-93.65573245729749,-94.00013927055376
4.348000000000001,2.6153241609526123,-93.61276669764612,-93.95600773473146
4.3759999999999994,2.614510067589191,-93.56942011869923,-93.91104519482786
4.404,2.61369979941499,-93.52658579643138,-93.86721515392264
4.432,2.6128919221277846,-93.48379873668488,-93.8234926148022
4.460000000000001,2.612090617904961,-93.44105618369419,-93.77987087365382
4.4879999999999995,2.611297756053887,-93.39835555097531,-93.73634368864688
4.516,2.610509456939861,-93.35569440998653,-93.69290524314732
4.5440000000000005,2.609722754930301,-93.31307047965043,-93.64955011241018
4.572000000000001,2.6089371026890706,-93.27048161666093,-93.60627323336153
4.6,2.608151069831752,-93.22819970108714,-93.56366264809311
4.628,2.6073691291127368,-93.18565969986571,-93.52049437748273
4.656000000000001,2.6065903549575045,-93.14314995316761,-93.47739310890809
4.684000000000001,2.60581828460337,-93.10066873336478,-93.43435484431735
4.712,2.6050501111418,-93.0584383092868,-93.3918581595735
4.74,2.604279108938368,-93.01599686229473,-93.34890745908407
4.768000000000001,2.603507905461247,-92.9735800562703,-93.30601084693176
4.796000000000001,2.60273556387034,-92.93138045377395,-93.26358182249051
4.824,2.601965205397847,-92.88899801528768,-93.2207604437869
4.852,2.601196307530062,-92.84681486020425,-93.17836736787247
4.880000000000001,2.6004312183196294,-92.80446391559865,-93.13561472286328
4.9079999999999995,2.5996672543008246,-92.76213249313678,-93.09290458388627
4.936,2.5988985950673875,-92.71997375654915,-93.05056467811582
4.964,2.598126380209042,-92.6776695754482,-93.00791372496842
4.992000000000001,2.597352019291107,-92.63552387950206,-92.96560211692866
5.02,2.596575936679145,-92.59324467548309,-92.92300530008745
5.048,2.595799229136128,-92.55111093731426,-92.88071958050931
5.0760000000000005,2.5950224990802595,-92.50898096052936,-92.83844199255144
5.104000000000001,2.5942430989170733,-92.46673186673783,-92.7959102730349
5.132,2.5934563003818205,-92.42461254519161,-92.75365568989231
5.16,2.5926617057265755,-92.38238386343481,-92.71116799844212
5.188000000000001,2.591861594629561,-92.34027431590691,-92.6689344780958
5.216000000000001,2.591056039295194,-92.29806435933213,-92.62648710391359
5.244,2.5902450958324823,-92.25596377869412,-92.58427287390629
5.272,2.5894292450984127,-92.21386601952734,-92.54206470714783
5.300000000000001,2.588605155113666,-92.1716786488716,-92.49966587099385
5.327999999999999,2.5877686391743873,-92.12958888466758,-92.45747486817164
5.356,2.5869185363425125,-92.08750163637171,-92.41528926142657
5.384,2.5860570852456872,-92.0453344055344,-92.37293362210293
5.412000000000001,2.5851836265056853,-92.00325428702439,-92.33076329373955
5.4399999999999995,2.5842974501729357,-91.96117641236816,-92.2885977696063
5.468,2.5833986914064426,-91.91902714350614,-92.2462805890067
5.496,2.5824831188697526,-91.87695562819971,-92.20412866995328
5.524000000000001,2.5815462780142284,-91.83488611444223,-92.1619810297137
5.552,2.5805868867664503,-91.79275286787305,-92.11969810159992
5.58,2.579606114390342,-91.75068902716932,-92.0775625804563
5.6080000000000005,2.578601729786589,-91.70862697213887,-92.03543087137578
5.636000000000001,2.5775735311299766,-91.66656665259057,-91.99330286602155
5.664,2.576519587590089,-91.62445102625571,-91.95105754875155
5.692,2.575434809240487,-91.58239562604462,-91.90894003548881
5.720000000000001,2.5743135135488133,-91.54034177438788,-91.8668258230785
5.748000000000001,2.573154599409466,-91.49823854409019,-91.82460692931255
5.776,2.5719572341603896,-91.45618908216608,-91.78250206886864
5.804,2.5707183204564092,-91.41414100216033,-91.7404001509425
5.832000000000001,2.5694352670476093,-91.37209426531686,-91.6983010923017
5.859999999999999,2.568104487257586,-91.33000467153597,-91.65611123183011
5.888,2.5667188327212376,-91.28796174243675,-91.61402027520835
5.916,2.5652713868199077,-91.24592001211616,-91.5719318681551
5.944000000000001,2.5637600775004588,-91.20387944698835,-91.52984593870711
5.9719999999999995,2.5621815664068683,-91.16180168267599,-91.48768123500689
6.0,2.5605299810663333,-91.11976442094759,-91.44560232688177
