z,dndz_latetype,dndz_unlensed,dndz_lensed
1.0E-4,680.15075511169,3.6876859069062755E-97,3.0038790299382898E-114
1.0286265386599822E-4,712.3951606635482,3.9040220776959816E-97,3.512433536403511E-114
1.0580725560356158E-4,738.4492198979548,4.132985056161679E-97,4.10718796899776E-114
1.0883615109660356E-4,765.4457829166603,4.375307710231345E-97,4.8027482514804826E-114
1.1195175338357425E-4,793.419005352414,4.6317695395589757E-97,5.616213145711231E-114
1.1515654457986194E-4,822.4031890732709,4.903191847333099E-97,6.567571472525382E-114
1.1845307785522731E-4,852.4340795725191,5.190446618653868E-97,7.680207822796389E-114
1.2184397946784386E-4,883.5489903121093,5.494454188331342E-97,8.98147415736154E-114
1.2533195085656616E-4,915.7869215153102,5.816190078391557E-97,1.0503355705626577E-113
1.2891977079309265E-4,949.1871498938483,6.156685498936567E-97,1.2283251986233831E-113
1.326102975957373E-4,983.7902913453468,6.517031882986779E-97,1.4364875182316402E-113
1.364064714065734E-4,1019.6389254755477,6.898384572803521E-97,1.679929044063072E-113
1.4031131653376543E-4,1056.7776916302305,7.301964767280775E-97,1.964618178350708E-113
1.4432794386095226E-4,1095.2514985106516,7.729066779461004E-97,2.2975337213535055E-113
1.4845955332560355E-4,1135.1063599079605,8.181057086934781E-97,2.686835367972929E-113
1.5270943646832262E-4,1176.3906588021923,8.659385582570544E-97,3.1420703226115475E-113
1.5708097905512731E-4,1219.1555045701994,9.165581391712731E-97,3.674399914517839E-113
1.6157766377479678E-4,1263.4522611937791,9.70126849699822E-97,4.2968768181661214E-113
1.662030730134356E-4,1309.3328965631085,1.0268158360921555E-96,5.024759820207525E-113
1.7096089170846255E-4,1356.8526910794747,1.0868069197860763E-96,5.875893452619284E-113
1.758549102842999E-4,1406.0697691981245,1.150291793574846E-96,6.871138534557708E-113
1.808890276721011E-4,1457.0428084906903,1.2174738978487385E-96,8.034889501748631E-113
1.8606725441592327E-4,1509.8308024852595,1.2885679702249327E-96,9.395665565790166E-113
1.9139371586781743E-4,1564.496648928238,1.363801652563201E-96,1.0986814753926779E-112
1.9687265547438517E-4,1621.1068933196404,1.4434154823887412E-96,1.2847325451806444E-112
2.02508438157416E-4,1679.7282870329402,1.5276641943142512E-96,1.5022784936775112E-112
2.0830555379130187E-4,1740.4282974981418,1.6168172096897724E-96,1.756649295422295E-112
2.1426862077999757E-4,1803.2779325368754,1.7111595928287328E-96,2.0540767239015232E-112
2.2040238973637725E-4,1868.3537616184162,1.8109931008860794E-96,2.401847089839668E-112
2.2671174726691834E-4,1935.7316718458028,1.916636751790196E-96,2.80847911628557E-112
2.332017198647269E-4,2005.4893674937473,2.0284285024561627E-96,3.283933355289244E-112
2.3987747791400884E-4,2077.707610538581,2.1467253815408664E-96,3.839854619233873E-112
2.467443398091732E-4,2152.4736689986535,2.27190587079664E-96,4.489859009117015E-112
2.538077761918523E-4,2229.874220276066,2.4043695516706046E-96,5.249864431493163E-112
2.6107341430921276E-4,2309.9983808490724,2.5445402415814788E-96,6.138483804979735E-112
2.6854704249702896E-4,2392.9388352536293,2.692865250845768E-96,7.177476159913763E-112
2.7623461479109405E-4,2478.7947103682636,2.8498190071123476E-96,8.392284279022686E-112
2.841422556706366E-4,2567.6660713115466,3.0159024322061427E-96,9.812651940221651E-112
2.922762649375266E-4,2659.6546012227104,3.1916464598663597E-96,1.1473357172240833E-111
3.006431227351559E-4,2754.8665736087573,3.377612079711725E-96,1.3415058285788525E-111
3.092494947109916E-4,2853.4141715313303,3.574393479652434E-96,1.568529338560964E-111
3.181022373269158E-4,2955.4124477557402,3.782618894673256E-96,1.833963981175485E-111
3.2720840332158186E-4,3060.9784561958795,4.00295332098972E-96,2.1443076939644885E-111
3.365752473291382E-4,3170.233600666545,4.23610027314948E-96,2.5071574702131813E-111
3.462102316587988E-4,3283.306091724211,4.482804012071547E-96,2.931395215979596E-111
3.5612103223986083E-4,3400.326741873784,4.743852324868311E-96,3.427405335722049E-111
3.6631554473690796E-4,3521.4296798025457,5.0200782034959E-96,4.007328257039784E-111
3.7680189084007186E-4,3646.7530083510233,5.31236377380514E-96,4.685358398346055E-111
3.875884247353596E-4,3776.4428918403273,5.621641355562207E-96,5.478090067190163E-111
3.9868373976020794E-4,3910.649050019458,5.948898680697562E-96,6.4049254214619664E-111
4.100966752495598E-4,4049.5243450255107,6.295179258861346E-96,7.488546484630671E-111
4.218363235779215E-4,4193.227301154882,6.661588960969871E-96,8.755473496150668E-111
4.339120374030096E-4,4341.922421340524,7.049296001428032E-96,1.0236709652622176E-110
4.463334371167585E-4,4495.780420969142,7.459538208092463E-96,1.1968504051390631E-110
4.591104185096246E-4,4654.9740901994855,7.893623628358568E-96,1.39932338815011E-110
4.72253160654291E-4,4819.684718201208,8.352937643963761E-96,1.6360445588341056E-110
4.8577213401505983E-4,4990.099413855926,8.838944888204535E-96,1.9128062781540412E-110
4.99678108789384E-4,5166.411130100118,9.353195909234757E-96,2.2363806857921326E-110
5.139821634881901E-4,5348.817823663831,9.897330626522807E-96,2.614685068798411E-110
5.286956937618266E-4,5537.523056297276,1.0473084468735485E-95,3.056975729233962E-110
5.438304214786656E-4,5732.739145287943,1.1082293572747548E-95,3.574074345965393E-110
5.59398404063599E-4,5934.682947513946,1.1726900313836089E-95,4.1786325766658466E-110
5.754120441038579E-4,6143.579222126327,1.2408960474431546E-95,4.885441863938138E-110
5.918840992298164E-4,6359.659438229437,1.3130648074749243E-95,5.711794626162598E-110
6.088276922786474E-4,6583.1630266809525,1.3894264765467956E-95,6.677908212380857E-110
6.2625632174893E-4,6814.336040296305,1.4702243855837278E-95,7.807417997762185E-110
6.441838725545339E-4,7053.431504238745,1.555716221508752E-95,9.12795747645419E-110
6.62624627086354E-4,7300.709662671485,1.6461743382157804E-95,1.0671831503360493E-109
6.815932765906978E-4,7556.440255628323,1.7418872110741275E-95,1.2476809811204823E-109
7.011049328734053E-4,7820.898931193713,1.8431597353352982E-95,1.4587046961573662E-109
7.211751403390101E-4,8094.372926615386,1.9503147898348946E-95,1.7054166363050975E-109
7.418198883745428E-4,8377.155640764222,2.0636937245329352E-95,1.993851885393045E-109
7.630556240878411E-4,8669.550458330505,2.1836579143363114E-95,2.331066263524947E-109
7.848992654105085E-4,8971.869237001763,2.3105895185391282E-95,2.7253085450792874E-109
8.073682145759741E-4,9284.431086148305,2.4448929994216633E-95,3.1862225050198496E-109
8.30480371983374E-4,9607.566456553806,2.586996195732288E-95,3.7250825531410677E-109
8.542541504583124E-4,9941.61286438557,2.7373517954639036E-95,4.355069599525908E-109
8.787084899218575E-4,10286.921026619344,2.8964387674800183E-95,5.09159342785047E-109
9.038628724794602E-4,10643.850797237024,3.064763775907484E-95,5.952669379443648E-109
9.297373379418169E-4,11012.771359053726,3.242863020047179E-95,6.959359359371625E-109
9.563524997900373E-4,11394.062800151089,3.4313035754132697E-95,8.136286219718534E-109
9.837295615978475E-4,11788.116060949631,3.6306856990676136E-95,9.512237011569612E-109
0.0010118903339238954,12195.329869072328,3.841644079367031E-95,1.112086544639165E-108
0.0010408572516876313,12616.11725569329,4.064850669550543E-95,1.3001517023584973E-108
0.00107065339204259,13050.89623504479,4.301015836775003E-95,1.520018842709769E-108
0.0011013024927613382,13500.106560740212,4.550891735431831E-95,1.7770655843385127E-108
0.0011328289711467054,13964.193607338659,4.815273548270564E-95,2.0775786154953644E-108
0.0011652579434843844,14443.61481748278,5.0950030767900175E-95,2.428907825748167E-108
0.0011986152450523915,14938.840272302297,5.390970470034254E-95,2.83964565553964E-108
0.0012329274507033277,15450.352059361057,5.704117856443125E-95,3.3198375756724013E-108
0.0012682218960358399,15978.640975761002,6.035441674055107E-95,3.881227409486112E-108
0.0013045266991721458,16524.213728794497,6.385996328146085E-95,4.537544772711946E-108
0.0013418707831589763,17087.58148631477,6.756897216498536E-95,5.3048406186120986E-108
0.0013802838990097787,17669.28243063045,7.14932439174064E-95,6.201879792892454E-108
0.001419796649406533,18269.85967159868,7.564526390406218E-95,7.250599962946026E-108
0.0014604405130800822,18889.868082681518,8.003823871938134E-95,8.476647743931105E-108
0.001502247869888375,19529.87821260281,8.468614378079164E-95,9.910006358126767E-108
0.0015452520266126103,20190.4721430105,8.960375911647831E-95,1.1585727858115929E-107
0.0015894872434918522,20872.239122035055,9.48067277393741E-95,1.3544791524442037E-107
0.0016349887615172201,21575.78714896995,1.0031159035107254E-94,1.583510392785092E-107
0.0016817928305074292,22301.729129872965,1.0613585598980692E-94,1.8512672817747005E-107
0.001729936737988031,23050.701228129525,1.1229803619698867E-94,2.1642973212922296E-107
0.001779458838897369,23823.350847835816,1.1881772693089247E-94,2.5302552158800157E-107
0.0018303985861429113,24620.332968794995,1.2571564720516607E-94,2.958089590842635E-107
0.0018827965620323082,25442.319869681058,1.330137263312409E-94,3.4582622105826433E-107
0.0019366945106042096,26289.993796891376,1.4073515420925223E-94,4.043003323537058E-107
0.0019921353708845964,27164.038963892373,1.4890447092253282E-94,4.7266110588495433E-107
0.002049163311095142,28065.158781280803,1.575476313838809E-94,5.52580062761809E-107
0.0021078237638408265,28994.070558838877,1.6669209674888316E-94,6.460113223859107E-107
0.002168163462304845,29951.483348009675,1.7636691600733495E-94,7.552393572520037E-107
0.0022302304774796753,30938.144500855487,1.8660281844632322E-94,8.829348383487539E-107
0.002294074256463918,31954.79719356943,1.9743231527323232E-94,1.0322199412104654E-106
0.0023597456618554523,33002.19851558273,2.0888979205526526E-94,1.2067446155787447E-106
0.0024272970122722827,34081.11031584598,2.2101163406038457E-94,1.4107758927794962E-106
0.0024967821240333542,35192.29284826994,2.3383631721008423E-94,1.6493020474891156E-106
0.0025682563540325477,36336.506893522914,2.474045615495005E-94,1.9281547273888677E-106
0.0026417766438400054,37514.54711108358,2.6175941875400814E-94,2.2541512036962317E-106
0.002717401565065929,38727.18578112969,2.769464579103924E-94,2.63526137629122E-106
0.0027951913660229878,39975.17897321582,2.930138525193297E-94,3.080802087228979E-106
0.0028752080197244935,41259.3386650287,3.100125923640024E-94,3.6016653731386494E-106
0.0029575152732566274,42580.45785674421,3.2799658524795457E-94,4.210584063774109E-106
0.003042178698563999,43939.31850025058,3.470228812113098E-94,4.92244354938125E-106
0.0031292657446890157,45336.68813638477,3.671518044674082E-94,5.754644962237882E-106
0.0032188457915067136,46773.34041098983,3.884471834655962E-94,6.727530934138678E-106
0.0033109902049978015,48250.037325794445,4.1097652065092255E-94,7.864882230768682E-106
0.0034057723941039934,49767.541837589015,4.3481122569607905E-94,9.194499153195729E-106
0.0035032678692109116,51326.58028069581,4.6002683125308635E-94,1.0748880671482506E-105
0.003603554302305151,52927.81809266037,4.867032255894439E-94,1.2566018330122893E-105
0.0037067115888534344,54572.036397366304,5.149249243100873E-94,1.469032496106816E-105
0.0038128219114531513,56259.91161994553,5.447812972408425E-94,1.7173718702067102E-105
0.003921969805304996,57992.08068886251,5.763669083157889E-94,2.0076893039022037E-105
0.004034242225559843,59769.177260408236,6.097817297778967E-94,2.347079685456532E-105
0.004149728616593564,61591.820104094135,6.451315651409417E-94,2.743837129998176E-105
0.004268520983264919,63460.55702791809,6.825282415322776E-94,3.2076570407033448E-105
0.004390713964213297,65375.84240902006,7.220901287575883E-94,3.749873619704215E-105
0.004516404907254772,67338.17655209903,7.639423237912596E-94,4.3837358406500255E-105
0.004645693946936434,69348.0149768904,8.082172323457716E-94,5.124731963159235E-105
0.004778684084310855,71405.59434915651,8.550548013179195E-94,5.990966770960972E-105
0.004915481268994222,73511.2372084865,9.046031225810006E-94,7.003604674880275E-105
0.005056194483573503,75665.19740364344,9.570187514707467E-94,8.187385544659201E-105
0.005200935830429908,77867.64766822312,1.0124673148100679E-93,9.571229620230552E-105
0.0053498206210477964,80118.61873099179,1.0711239400420176E-93,1.1188942894189702E-104
0.005502967467880191,82418.02099372979,1.1331738537382055E-93,1.3080042839363218E-104
0.005660498378844094,84765.72926924787,1.1988129500475488E-93,1.5290723037407022E-104
0.005822538854520841,87161.53077195321,1.2682483609720366E-93,1.787498020807278E-104
0.00598921798813903,89605.01299533305,1.3416991998357405E-93,2.089593343026168E-104
0.006160668568419559,92095.64055800499,1.4193970783003111E-93,2.4427362232234678E-104
0.0063370271853647585,94632.751030063,1.501587069251594E-93,2.855551085600693E-104
0.006518434339075961,97215.5181389732,1.588528137544174E-93,3.338118705797307E-104
0.006705034551686075,99843.10418435195,1.680494377432214E-93,3.9022229916710104E-104
0.006896976482496432,102514.25450649303,1.7777753139794744E-93,4.5616373335065437E-104
0.007094413046409604,105227.5719711679,1.8806774579149401E-93,5.3324620946285187E-104
0.0072975015357525305,107981.73734496304,1.9895245493717336E-93,6.233515592510888E-104
0.00750640374558703,110775.13799519061,2.1046592499073644E-93,7.286794943569121E-104
0.007721286102607512,113605.54124272653,2.226443562866334E-93,8.51801060870321E-104
0.007942319797728596,116470.57028915422,2.355260525980866E-93,9.957215217281462E-104
0.008169680922468217,119368.19292589466,2.491514903655601E-93,1.1639534548297262E-103
0.008403550609234972,122295.79288422262,2.6356348258271483E-93,1.3606025401829133E-103
0.008644115175631363,125249.91109715526,2.7880728388677317E-93,1.5904675281325446E-103
0.008891566272887912,128227.05556070081,2.9493074236880445E-93,1.8591572533090687E-103
0.009146101038546533,131224.2208495274,3.119844513841343E-93,2.1732273616750562E-103
0.009407922253514587,134237.55517748135,3.3002188036030006E-93,2.540339886614823E-103
0.00967723850361493,137262.28016788384,3.4909958703034137E-93,2.9694502688614985E-103
0.00995426434576053,140293.4425915101,3.6927731549946517E-93,3.471024929320883E-103
0.010239220478886127,143326.555726772,7.81236580074891E-249,8.114594297503796E-259
0.010532333919773042,146356.60068521334,8.263784995028831E-249,9.485126981729434E-259
0.010833838183907277,149377.91384533737,8.741217177042999E-249,1.1087068056970886E-258
0.011143973471514891,152383.13663982044,9.246153644215634E-249,1.2959472944725291E-258
0.011462986858923028,155366.05345273204,9.780173510170996E-249,1.5147989488542894E-258
0.011791132495398855,158321.20329289886,1.0344943081868496E-248,1.7705961595806092E-258
0.012128671805623362,161241.03519414857,1.0942226129459918E-248,2.0695734948699235E-258
0.012475873697961276,164115.54846803745,1.1573884481422255E-248,2.4190166064659233E-258
0.012833014778693032,166937.49287019912,1.2241887857960399E-248,2.8274401957270706E-258
0.013200379572379411,169700.26731982827,1.2948316335790468E-248,3.304794403121622E-258
0.01357826074853457,172394.8591947841,1.3695369275658763E-248,3.862707303645321E-258
0.013966959354787813,175009.54501328143,1.4485370333002245E-248,4.514767216269199E-258
0.014366785056720045,177534.71399197145,1.5320774854882109E-248,5.276853023480003E-258
0.014778056384565896,179962.41135473986,1.6204178301278144E-248,6.16752038390779E-258
0.015201100986978085,182285.42397478793,1.7138321290458116E-248,7.20845152958295E-258
0.015636255892056104,184489.6406945989,1.812610253114739E-248,8.424983708264993E-258
0.016083867775847423,186560.02977020925,1.917058044825189E-248,9.84672144552335E-258
0.016544293238534763,188490.09336441473,2.0274992019477647E-248,1.15082597242905E-257
0.01701789908852976,190278.0608062208,2.144274960342246E-248,1.3450017053726547E-257
0.017505062634699232,191903.63107288795,2.2677467135840624E-248,1.5719225133336421E-257
0.018006171986956858,193347.6779154733,2.3982951909393815E-248,1.8371062905729348E-257
0.018521626365459787,194614.03774289298,2.536323667151553E-248,2.1470008615823357E-257
0.019051836418656366,195699.1143605416,2.6822570331417636E-248,2.5091387352714985E-257
0.01959722455043869,196579.37414247193,2.836545049160643E-248,2.932321268490425E-257
0.020158225256660174,197267.98429184163,2.999661859573937E-248,3.4268302992351744E-257
0.020735285471286585,197826.48083664186,3.1721089394831035E-248,4.004678683813582E-257
0.02132886492245614,198175.34149994125,3.354415304795657E-248,4.6798998124552566E-257
0.02193943649873239,198299.49677191986,3.5471399376776697E-248,5.468888274028993E-257
0.022567486625841578,198178.13020797225,3.750872968265725E-248,6.390796002953549E-257
0.023213515654194862,197816.9429152855,3.96623729636757E-248,7.467995244241974E-257
0.023878038257503773,197227.6853597024,4.193891100161124E-248,8.72662073782215E-257
0.02456158384280674,196406.00562565197,4.4345282859353465E-248,1.0197198518994296E-256
0.025264696972233238,195322.99824832633,4.6888827779396645E-248,1.1915388176725702E-256
0.025987937796841633,193990.29843411117,4.596200000000077E-99,4.596200000000077E-99
0.026731882502876135,192425.7820209808,1.378859999999994E-98,1.378859999999994E-98
0.02749712377079882,190629.19253274886,1.378859999999994E-98,1.378859999999994E-98
0.02828427124746191,188589.70739739435,2.29809999999998E-98,2.29809999999998E-98
0.029093952031796797,186300.94110190627,3.2173399999999955E-98,3.2173399999999955E-98
0.029926811174406695,183778.6643303046,4.136580000000011E-98,4.136580000000011E-98
0.030783512191460867,181070.96735031658,5.055819999999997E-98,5.055819999999997E-98
0.031664737593299755,178150.64812017936,5.975059999999984E-98,5.975059999999984E-98
0.03257118942817254,174981.38627677056,5.975059999999984E-98,5.975059999999984E-98
0.03350358984153973,171624.57248542533,6.894299999999999E-98,6.894299999999999E-98
0.03446268165138675,168131.3883193391,7.813539999999985E-98,7.813539999999985E-98
0.03544922894000683,164451.42424502663,8.732779999999972E-98,8.732779999999972E-98
0.036464017662724495,160574.25985636964,9.652019999999986E-98,9.652019999999986E-98
0.037507856274044786,156562.98678161166,1.0571260000000003E-97,1.0571260000000003E-97
0.03858157637172679,152432.76217190444,1.0571260000000003E-97,1.0571260000000003E-97
0.03968603335929508,148188.6147049968,1.1490499999999989E-97,1.1490499999999989E-97
0.040822107127516286,143813.72864480945,1.2409739999999978E-97,1.2409739999999978E-97
0.041990702755384066,139327.25810841008,1.3328979999999994E-97,1.3328979999999994E-97
0.04319275123117088,134779.66933544463,1.424822000000001E-97,1.424822000000001E-97
0.044429210194121035,130188.89754528421,1.5167459999999998E-97,1.5167459999999998E-97
0.04570106469737552,125517.39659918676,1.5167459999999998E-97,1.5167459999999998E-97
0.047009327992737285,120784.65063047847,1.6086699999999983E-97,1.6086699999999983E-97
0.04835504233790116,116019.48475035929,1.7005939999999999E-97,1.7005939999999999E-97
0.04973927982679217,111286.19316727886,1.7925180000000015E-97,1.7925180000000015E-97
0.0511631432436735,106947.8931792549,1.8844420000000002E-97,1.8844420000000002E-97
0.05262776694170478,102650.6698356895,1.8844420000000002E-97,1.8844420000000002E-97
0.05413431774665003,98393.63495329407,1.9763659999999987E-97,1.9763659999999987E-97
0.05568399588645626,94212.38818924023,2.0682900000000004E-97,2.0682900000000004E-97
0.05727803594744219,90060.37039790038,2.160214000000002E-97,2.160214000000002E-97
0.05891770785785949,85937.87184759334,2.2521380000000007E-97,2.2521380000000007E-97
0.060604317899610044,81860.66416283984,2.2521380000000007E-97,2.2521380000000007E-97
0.062339209748925144,77862.96536795706,2.3440619999999995E-97,2.3440619999999995E-97
0.06412376554683549,73958.16288520161,2.435986000000001E-97,2.435986000000001E-97
0.06595940700028562,70114.21684160797,2.5279099999999996E-97,2.5279099999999996E-97
0.06784759651476878,66338.54177756823,2.6198339999999984E-97,2.6198339999999984E-97
0.06978983835938568,62637.05665295297,2.6198339999999984E-97,2.6198339999999984E-97
0.07178767986525454,59077.209010909246,2.711758E-97,2.711758E-97
0.07384271265822769,55614.87666945839,2.8036820000000016E-97,2.8036820000000016E-97
0.07595657392689648,52205.801983236764,2.8956060000000003E-97,2.8956060000000003E-97
0.07813094772689456,48921.74492965586,2.8956060000000003E-97,2.8956060000000003E-97
0.08036756632253957,45753.092112220766,2.987529999999999E-97,2.987529999999999E-97
0.08266821156688042,42721.101391394346,3.0794540000000005E-97,3.0794540000000005E-97
0.08503471632125131,39792.98144845331,3.1713780000000023E-97,3.1713780000000023E-97
0.08746896591546223,36980.44221573772,3.1713780000000023E-97,3.1713780000000023E-97
0.08997289964978997,34287.12732333212,3.263302000000001E-97,3.263302000000001E-97
0.09254851233996537,31749.4712684698,3.355226E-97,3.355226E-97
0.09519785590638923,29337.899151031936,3.447150000000001E-97,3.447150000000001E-97
0.0979230410088409,27026.03645066776,3.447150000000001E-97,3.447150000000001E-97
0.1007262387279835,24913.139817334075,3.539074000000003E-97,3.539074000000003E-97
0.10360968229500471,23120.124124662238,3.630998000000002E-97,3.630998000000002E-97
0.10657566887077125,21432.367640689466,3.7229220000000006E-97,3.7229220000000006E-97
0.10962656137591384,19836.19817486473,3.7229220000000006E-97,3.7229220000000006E-97
0.11276479037330235,18324.474588066132,3.814846000000002E-97,3.814846000000002E-97
0.11599285600440848,16897.963929048678,3.9067700000000007E-97,3.9067700000000007E-97
0.11931332998110042,15577.965353297795,3.998693999999999E-97,3.998693999999999E-97
0.12272885763445561,14335.829522732205,3.998693999999999E-97,3.998693999999999E-97
0.12624216002222394,13172.319179394937,4.090618E-97,4.090618E-97
0.12985603609661978,12079.094718019222,4.182542000000001E-97,4.182542000000001E-97
0.1335733649341717,11054.051569175397,4.274466E-97,4.274466E-97
0.1373971080294037,10112.141133295121,4.274466E-97,4.274466E-97
0.14133031165417714,9239.653553606218,4.3663899999999976E-97,4.3663899999999976E-97
0.14537610928457279,8423.101224761327,4.458313999999999E-97,4.458313999999999E-97
0.14953772409724542,7669.427518000613,4.458313999999999E-97,4.458313999999999E-97
0.1538184715372411,7054.435760090841,4.5502380000000003E-97,4.5502380000000003E-97
0.1582217619593213,6500.6844654110055,4.642161999999999E-97,4.642161999999999E-97
0.1627511033449003,5992.891746957507,4.642161999999999E-97,4.642161999999999E-97
0.16741010409675786,5516.388247938174,4.734085999999997E-97,4.734085999999997E-97
0.17220247591375534,5077.59825812756,4.826009999999998E-97,4.826009999999998E-97
0.1771320367478451,4673.368314407489,4.826009999999998E-97,4.826009999999998E-97
0.18220271384572886,4303.583924470644,4.917934E-97,4.917934E-97
0.1874185468775873,3964.3366848538003,5.009857999999998E-97,5.009857999999998E-97
0.19278369115537625,3644.576220323346,5.009857999999998E-97,5.009857999999998E-97
0.19830242094324968,3350.854057088885,5.101781999999996E-97,5.101781999999996E-97
0.20397913286274968,3107.3933293833447,5.193705999999997E-97,5.193705999999997E-97
0.20981834939547483,2896.1389132799077,5.193705999999997E-97,5.193705999999997E-97
0.21582472248601825,2701.8127569809394,5.285629999999999E-97,5.285629999999999E-97
0.22200303724804418,2517.5340787476566,5.285629999999999E-97,5.285629999999999E-97
0.2283582157764588,2345.6800510771345,5.377553999999997E-97,5.377553999999997E-97
0.23489532106870814,2187.4146632161846,5.469477999999995E-97,5.469477999999995E-97
0.24161956105833043,2044.3262368605679,5.469477999999995E-97,5.469477999999995E-97
0.24853629276397465,1911.437075615769,5.561401999999996E-97,5.561401999999996E-97
0.25565102655719146,1803.2124245439672,5.561401999999996E-97,5.561401999999996E-97
0.2629694305523951,1706.9939262196908,5.653325999999995E-97,5.653325999999995E-97
0.2704973351224967,1617.6728219990312,5.745249999999992E-97,5.745249999999992E-97
0.278240737543803,1536.8692712567877,5.745249999999992E-97,5.745249999999992E-97
0.28620580677388263,1462.6945645240357,5.837173999999994E-97,5.837173999999994E-97
0.2943988883662066,1395.0736588462673,5.837173999999994E-97,5.837173999999994E-97
0.30282650952547757,1335.4885942966716,5.929097999999995E-97,5.929097999999995E-97
0.3114953843076764,1289.7700996738888,5.929097999999995E-97,5.929097999999995E-97
0.32041241896896616,1247.563896600185,6.021021999999994E-97,6.021021999999994E-97
0.32958471746771967,1210.7823944911304,6.021021999999994E-97,6.021021999999994E-97
0.33901958712404867,1177.2661171143266,6.112945999999992E-97,6.112945999999992E-97
0.34872454444134643,1147.7428074448828,6.112945999999992E-97,6.112945999999992E-97
0.3587073210944813,1128.5807655041785,6.204869999999992E-97,6.204869999999992E-97
0.3689758700894115,1114.1281560661587,6.204869999999992E-97,6.204869999999992E-97
0.3795383720991266,1103.2004260204733,6.296793999999994E-97,6.296793999999994E-97
0.39040324198096893,1096.1552407254726,6.296793999999994E-97,6.296793999999994E-97
0.40157913548051954,1092.3599781001255,6.388717999999993E-97,6.388717999999993E-97
0.41307495612739487,1099.5717847678786,6.388717999999993E-97,6.388717999999993E-97
0.4248998623284462,1108.4581600698116,6.480641999999991E-97,6.480641999999991E-97
0.43706327466401296,1120.4964747676106,6.480641999999991E-97,6.480641999999991E-97
0.44957488339304075,1136.6967979306908,6.572565999999992E-97,6.572565999999992E-97
0.46244465617304864,1164.4238345021677,6.572565999999992E-97,6.572565999999992E-97
0.47568284600108857,1196.9487478202263,6.664489999999994E-97,6.664489999999994E-97
0.48929999938202906,1236.294976884818,6.664489999999994E-97,6.664489999999994E-97
0.503306964730668,1280.5554835690582,6.664489999999994E-97,6.664489999999994E-97
0.5177149010143692,1337.5189070811289,6.756413999999992E-97,6.756413999999992E-97
0.532535286643106,1401.6230650422767,6.756413999999992E-97,6.756413999999992E-97
0.5477799286139995,1472.1315004296905,6.84833799999999E-97,6.84833799999999E-97
0.5634609719176304,1560.4750630125393,6.84833799999999E-97,6.84833799999999E-97
0.5795909092136217,1657.2947443753324,6.84833799999999E-97,6.84833799999999E-97
0.5961825907831997,1767.7338692971923,6.940261999999991E-97,6.940261999999991E-97
0.6132492347666633,1895.4441401525798,6.940261999999991E-97,6.940261999999991E-97
0.6308044376939163,2043.1661227627142,6.940261999999991E-97,6.940261999999991E-97
0.6488621853164495,2212.334985520761,7.032185999999992E-97,7.032185999999992E-97
0.6674368637494114,2413.819159257921,7.032185999999992E-97,7.032185999999992E-97
0.6865432709326311,2650.8812938045303,7.032185999999992E-97,7.032185999999992E-97
0.7061966284197347,2916.635874188162,7.12410999999999E-97,7.12410999999999E-97
0.7264125935047413,3225.691694764768,7.12410999999999E-97,7.12410999999999E-97
0.7472072716958035,3579.3416684919002,7.12410999999999E-97,7.12410999999999E-97
0.7685972295460232,3989.7345071981654,7.216033999999989E-97,7.216033999999989E-97
0.7905995078515776,4466.31128002585,7.216033999999989E-97,7.216033999999989E-97
0.8132316352276537,5018.589469353815,7.216033999999989E-97,7.216033999999989E-97
0.8365116420730186,5663.539254710017,7.216033999999989E-97,7.216033999999989E-97
0.8604580749343471,6419.509738648617,7.30795799999999E-97,7.30795799999999E-97
0.88509001128175,7298.503111034042,7.30795799999999E-97,7.30795799999999E-97
0.910427074707271,8333.16997561557,7.30795799999999E-97,7.30795799999999E-97
0.9364894505584732,9536.405017716019,7.30795799999999E-97,7.30795799999999E-97
0.9632979020195509,10946.77878655013,7.399881999999989E-97,7.399881999999989E-97
0.9908737866527932,12594.732401907897,3.9277933813138126E-59,1.7327254102246266E-46
1.0192390734135723,12226.807147135165,5.815374093465679E-18,0.07095013820549476
1.0484163601524104,10905.0062416706,1.288689198631133E-17,0.08206533078011621
1.078428891618071,9732.68224675956,2.93465135057E-17,0.0960800061193496
1.1093005779760177,8654.309387777788,4.3672136383816663E-17,0.10842965432171485
1.141056013856991,7650.494671643657,2.238531659490824E-17,0.1092603484292856
1.1737204979508733,6759.560248467742,1.1551466238388319E-17,0.10999393725367149
1.2073200531614776,5936.763132121978,2.0801486894841584E-16,0.15000357523906369
1.2418814473382764,5156.393336629648,1.936562137615539E-9,0.7027589524162603
1.2774322146016202,4468.656198701593,0.02965081633524312,5.709245522729577
1.31400067727842,3828.8564987649906,1445.9195938033956,168.17711343411432
1.3516159684657736,3224.416211635325,2134.189860093935,271.5713657923492
1.3903080552405083,2709.1264367594636,3169.745174565409,440.64348278213265
1.4301077625331353,2201.124413037669,4207.972754669346,561.8067677747913
1.4710467976852308,1764.8995269536622,5442.858494185444,661.972096859455
1.51315777570981,1380.7364475396478,7024.474413222454,768.113244574013
1.5564742452748195,1027.3996407325478,8873.617446149829,859.8437404804146
1.6010307154304457,760.1240625440848,11363.038525113849,963.3797756699225
1.6468626831015376,507.3123789399833,14123.968159620239,1067.7331569998935
1.694006661367026,336.6741816203227,17627.97652082985,1184.877654736875
1.7425002085489163,196.23356091800707,20104.60170182528,1301.2946652736648
1.792381958133969,111.56096132482193,22833.483960199184,1421.7260244143163
1.8436916495519455,53.36930013614585,25219.690577797068,1534.2045281120693
1.8964701598349307,24.561868885789075,27924.201795820267,1651.389449092131
1.950759536182948,8.779757486607501,30266.3420997544,1759.217234601059
2.006603029461818,2.925633332594003,32804.98112547932,1868.642233161464
2.064045128659944,0.7101883748486834,34581.046786947736,1959.8907641254668
2.123131596331476,0.13957395573754833,35962.69223537189,2045.5055236827664
2.1839095050540887,0.01900256025843013,36521.57349931034,2119.0398061738338
2.246427274930422,0.0017411349531484613,36582.584521819954,2175.6732212548195
2.310734712163061,1.1928389922969539E-4,36426.43420119619,2213.59948621104
2.3768830487337596,4.348958648423481E-6,35644.36913850204,2230.3393941218333
2.4449249832185926,8.481697433697031E-8,34393.55086261681,2229.806555039271
2.514914722771456,9.172536961942586E-10,32719.344676026525,2212.318517826377
2.5869080263094317,3.940156576993233E-12,30207.3026778882,2168.3960345323453
2.6609622489343967,5.2639057879307E-15,27382.477538751205,2105.6658410909235
2.73713638762627,2.3337801013356852E-18,24483.65800175833,2026.5851274124573
2.815491128244298,2.789586069998211E-22,21597.772764266865,1928.138492679064
2.89608889387382,6.219043103879011E-27,18786.95834751295,1815.4649006194422
2.978993894557044,1.32497715812649E-32,15980.008162569213,1689.913805056314
3.0642721784474323,2.727923719815305E-39,13367.792219045663,1553.8598134224394
3.1519916844284652,3.5344583780607476E-47,10850.254328725925,1411.362954166722
3.2422222962386993,1.7107422344246088E-56,8509.438210223298,1260.6006802545096
3.3350358981462396,1.6693275875990867E-67,6562.7225839793555,1112.5097005639184
3.430506432216951,1.5913288976631188E-80,4972.372776070616,972.5149874688673
3.528709957222127,8.062828990839278E-96,3692.7516942107964,841.4287190814183
3.6297247092324105,1.6638243999999978E-96,2638.485397819936,715.7199463301913
3.733631163946345,1.6822091999999981E-96,1876.5497450008393,603.0133419687052
3.840512100803169,1.7005939999999977E-96,1307.199376726804,502.90363017790054
3.9504526689309403,1.7189787999999976E-96,887.6381934195473,415.6442667937227
4.063540454982522,1.7373635999999978E-96,604.2555997532247,340.29520350634783
4.179865552913481,1.755748399999998E-96,398.8088233353478,275.64594894841184
4.299520635757486,1.7741331999999975E-96,257.0546869864433,219.86979003118967
4.422601029456389,1.7925179999999975E-96,158.38490150857766,174.12398831009781
4.549204788803799,1.8200951999999976E-96,98.04639517673259,135.82677131178264
4.679432775562677,1.8384799999999974E-96,57.273791206695066,104.89882744539324
4.81338873881911,1.8568647999999975E-96,33.41272433183352,79.74142852350036
4.951179397636437,1.8752495999999975E-96,17.969501067783614,58.574667319505686
5.0929145260753845,1.8936343999999975E-96,7.77828761576985,39.21398862298021
5.238707040648066,1.9212115999999976E-96,3.2530582587002397,25.75930088766678
5.388673090275499,1.939596399999997E-96,1.3285156888901815,16.737282516347474
5.5429321488202765,1.9671735999999977E-96,0.5146123150594907,10.653216114036335
5.701607110268138,1.9947507999999975E-96,0.18240481336966466,6.524377496726331
5.864824386634258,2.0131355999999974E-96,0.0630029247587748,3.946794884013284
6.03271400867225,2.0315203999999974E-96,0.02123273929320677,2.3595427457440796
6.205409729466123,2.0590975999999975E-96,0.0072604615167132115,1.3988445015405822
6.383049130987714,2.0866747999999977E-96,0.002453590724003726,0.8191722029582879
6.565773733704499,2.1142519999999974E-96,7.773783261645719E-4,0.4671477327513963
6.753729109325101,2.1326367999999978E-96,2.1733967550294385E-4,0.2552291618127492
6.947064996772243,2.169406399999997E-96,5.5428555567509246E-5,0.13372797422456145
7.145935421475752,2.1877911999999972E-96,1.2402792772693777E-5,0.06560276018399808
7.350498818080363,2.215368399999997E-96,2.3294986540574397E-6,0.03006277149092164
7.560918156666295,2.2429455999999967E-96,3.2605288684498935E-7,0.01213476767910202
7.777361072583064,2.2705227999999973E-96,3.7495126669312564E-8,0.004472457212207755
7.999999999999999,2.288907599999997E-96,3.925160005263859E-9,0.0015834819051401179
