log(S),Ngts_latetype,Ngts_unlensed,Ngts_lensed
-8.0,14794623.433324832,137992.98655669967,340.70923142185814
-7.972,14794623.433324832,137992.98655669967,340.70923142185814
-7.944,14794623.433324832,137992.98655669967,340.70923142185814
-7.916,14794623.433324832,137992.98655669967,340.70923142185814
-7.888,14794623.433324832,137992.98655669967,340.70923142185814
-7.86,14794623.433324832,137992.98655669967,340.70923142185814
-7.832,14794623.433324832,137992.98655669967,340.70923142185814
-7.804,14794623.433324832,137992.98655669967,340.70923142185814
-7.776,14794623.433324832,137992.98655669967,340.70923142185814
-7.748,14794623.433324832,137992.98655669967,340.70923142185814
-7.72,14794623.433324832,137992.98655669967,340.70923142185814
-7.692,14794623.433324832,137992.98655669967,340.70923142185814
-7.664,14794623.433324832,137992.98655669967,340.70923142185814
-7.636,14794623.433324832,137992.98655669967,340.70923142185814
-7.608,14794623.433324832,137992.98655669967,340.70923142185814
-7.58,14794623.433324832,137992.98655669967,340.70923142185814
-7.552,14794623.433324832,137992.98655669967,340.70923142185814
-7.524,14794623.433324832,137992.98655669967,340.70923142185814
-7.496,14794623.433324832,137992.98655669967,340.70923142185814
-7.468,14794623.433324832,137992.98655669967,340.70923142185814
-7.4399999999999995,14794623.433324832,137992.98655669967,340.70923142185814
-7.412,14794623.433324832,137992.98655669967,340.70923142185814
-7.384,14794623.433324832,137992.98655669967,340.70923142185814
-7.356,14794623.433324832,137992.98655669967,340.70923142185814
-7.328,14794623.433324832,137992.98655669967,340.70923142185814
-7.3,14794623.433324832,137992.98655669967,340.70923142185814
-7.272,14794623.433324832,137992.98655669967,340.70923142185814
-7.244,14794623.433324832,137992.98655669967,340.70923142185814
-7.216,14794623.433324832,137992.98655669967,340.70923142185814
-7.188,14794623.433324832,137992.98655669967,340.70923142185814
-7.16,14794623.433324832,137992.98655669967,340.70923142185814
-7.132,14794623.433324832,137992.98655669967,340.70923142185814
-7.104,14794623.433324832,137992.98655669967,340.70923142185814
-7.076,14794623.433324832,137992.98655669967,340.70923142185814
-7.048,14794623.433324832,137992.98655669967,340.70923142185814
-7.02,14794623.433324832,137992.98655669967,340.70923142185814
-6.992,14794623.433324832,137992.98655669967,340.70923142185814
-6.964,14794623.433324832,137992.98655669967,340.70923142185814
-6.936,14794623.433324832,137992.98655669967,340.70923142185814
-6.9079999999999995,14794623.433324832,137992.98655669967,340.70923142185814
-6.88,14794623.433324832,137992.98655669967,340.70923142185814
-6.852,14794623.433324832,137992.98655669967,340.70923142185814
-6.824,14794623.433324832,137992.98655669967,340.70923142185814
-6.796,14794623.433324832,137992.98655669967,340.70923142185814
-6.768,14794623.433324832,137992.98655669967,340.70923142185814
-6.74,14794623.433324832,137992.98655669967,340.70923142185814
-6.712,14794623.433324832,137992.98655669967,340.70923142185814
-6.684,14794623.433324832,137992.98655669967,340.70923142185814
-6.656,14794623.433324832,137992.98655669967,340.70923142185814
-6.628,14794623.433324832,137992.98655669967,340.70923142185814
-6.6,14794623.433324832,137992.98655669967,340.70923142185814
-6.572,14794623.433324575,137992.98655669967,340.70923142185814
-6.5440000000000005,14794623.433277043,137992.98655669967,340.70923142185814
-6.516,14794623.433128852,137992.98655669967,340.70923142185814
-6.4879999999999995,14794623.432162093,137992.98655669967,340.70923142185814
-6.46,14794623.423669223,137992.98655669967,340.70923142185814
-6.432,14794623.37465661,137992.98655669967,340.70923142185814
-6.404,14794623.156500354,137992.98655669967,340.70923142185814
-6.3759999999999994,14794622.328942386,137992.98655669967,340.70923142185814
-6.348,14794619.551256848,137992.98655669967,340.70923142185814
-6.32,14794600.249463657,137992.98655669967,340.70923142185814
-6.292,14794541.390415324,137992.98655669967,340.70923142185814
-6.264,14794406.867389612,137992.98655669967,340.70923142185814
-6.236,14794122.0028799,137992.98655669967,340.70923142185814
-6.208,14793239.54290372,137992.98655669967,340.70923142185814
-6.18,14791374.328739157,137992.98655669967,340.70923142185814
-6.152,14787204.143445803,137992.98655669967,340.70923142185814
-6.124,14779814.096859619,137992.98655669967,340.70923142185814
-6.096,14766775.855467139,137992.98655669967,340.70923142185814
-6.068,14743283.297922052,137992.98655669967,340.70923142185814
-6.04,14710030.673305923,137992.98655669967,340.70923142185814
-6.0120000000000005,14659464.072255421,137992.98655669967,340.70923142185814
-5.984,14585051.42400682,137992.98655669967,340.70923142185814
-5.9559999999999995,14490269.06316786,137992.98655669967,340.70923142185814
-5.928,14375204.38639833,137992.98655669967,340.70923142185814
-5.9,14240741.670386976,137992.98655669967,340.70923142185814
-5.872,14088274.20988754,137992.98655669967,340.70923142185814
-5.843999999999999,13919495.259714607,137992.98655669967,340.70923142185814
-5.816,13736239.311517332,137992.98655669967,340.70923142185814
-5.788,13540359.570024287,137992.98655669967,340.70923142185814
-5.76,13333651.605911082,137992.98655669967,340.70923142185814
-5.731999999999999,13114685.651468553,137992.98655669967,340.70923142185814
-5.704,12885418.818509966,137992.98655669967,340.70923142185814
-5.676,12650830.424185487,137992.98655669967,340.70923142185814
-5.648,12412275.230398286,137992.98655669967,340.70923142185814
-5.62,12170957.416502263,137992.98655669967,340.70923142185814
-5.5920000000000005,11927940.969942525,137992.98655669967,340.70923142185814
-5.564,11684160.61274663,137992.98655669967,340.70923142185814
-5.536,11440432.346221637,137992.98655669967,340.70923142185814
-5.508,11197464.288179306,137992.98655669967,340.70923142185814
-5.48,10955868.442109872,137992.98655669967,340.70923142185814
-5.452,10717036.48829048,137992.98655669967,340.70923142185814
-5.4239999999999995,10481303.560884215,137992.98655669967,340.70923142185814
-5.396,10248082.702055007,137992.98655669967,340.70923142185814
-5.368,10017715.581008736,137992.98655669967,340.70923142185814
-5.34,9790486.174603807,137992.98655669967,340.70923142185814
-5.311999999999999,9567081.470645243,137992.98655669967,340.70923142185814
-5.284,9347629.736861885,137992.98655669967,340.70923142185814
-5.256,9131774.663281258,137992.98655669967,340.70923142185814
-5.228,8919647.293254625,137992.98655669967,340.70923142185814
-5.199999999999999,8711616.84655282,137992.98655669967,340.70923142185814
-5.172000000000001,8507719.179195568,137992.98655669967,340.70923142185814
-5.144,8307915.7144032465,137992.98655669967,340.70923142185814
-5.116,8112215.41563691,137992.98655669967,340.70923142185814
-5.088,7920399.299505505,137992.98655669967,340.70923142185814
-5.0600000000000005,7732624.880582944,137992.98655669967,340.70923142185814
-5.032,7548869.42670639,137992.98655669967,340.70923142185814
-5.004,7369070.229125936,137992.98655669967,340.70923142185814
-4.976,7193191.58320562,137992.98655669967,340.70923142185814
-4.948,7021166.418309765,137992.98655669967,340.70923142185814
-4.92,6852949.36503351,137992.98655669967,340.70923142185814
-4.8919999999999995,6688470.5857011005,137992.98655669967,340.70923142185814
-4.864,6527677.833751138,137992.98655669967,340.70923142185814
-4.836,6370499.921665178,137992.98655669967,340.70923142185814
-4.808,6216931.654763794,137992.98655669967,340.70923142185814
-4.779999999999999,6066849.776692449,137992.98655669967,340.70923142185814
-4.752,5920183.353936585,137992.98655669967,340.70923142185814
-4.724,5776872.2188058,137992.98655669967,340.70923142185814
-4.696,5636846.086411293,137992.98655669967,340.70923142185814
-4.668,5500072.883254355,137992.98655669967,340.70923142185814
-4.640000000000001,5366454.132465158,137992.98655669967,340.70923142185814
-4.612,5235921.753941767,137992.98655669967,340.70923142185814
-4.584,5108414.451585608,137992.98655669967,340.70923142185814
-4.556,4983865.780096007,137992.98655669967,340.70923142185814
-4.5280000000000005,4862231.589674926,137992.98655669967,340.70923142185814
-4.5,4743430.674481265,137992.98655669967,340.70923142185814
-4.4719999999999995,4627399.675488549,137992.98655669967,340.70923142185814
-4.444,4514091.681136716,137992.98655669967,340.70923142185814
-4.416,4403444.419188617,137992.98655669965,340.70923142185814
-4.388,4295386.838258033,137992.9865566964,340.70923142185814
-4.359999999999999,4189860.0726956525,137992.9865566878,340.70923142185814
-4.332,4086816.507439806,137992.98618550488,340.70923142185814
-4.304,3986191.5429318906,137992.94852522752,340.70923142185814
-4.276,3887929.66752848,137992.82497137843,340.70923142185814
-4.247999999999999,3791983.776055965,137992.42861306915,340.70923142185814
-4.22,3698300.0566311167,137991.39052381276,340.70923142185814
-4.192,3606821.1012933045,137988.55425239008,340.70923142185814
-4.164,3517495.8504086575,137973.81681805078,340.70923142185814
-4.136,3430279.1369584315,137939.2054078328,340.70923142185814
-4.1080000000000005,3345118.2586469213,137885.55522029134,340.70923142185814
-4.08,3261965.3557659225,137812.23595406866,340.70923142185814
-4.052,3180777.0753736733,137727.93942682142,340.70923142185137
-4.024,3101507.3737114985,137641.61548427524,340.70923141987157
-3.9959999999999996,3024108.9843387133,137553.1901423983,340.7092308821418
-3.968,2948538.1312591005,137462.59317413616,340.7092014284377
-3.9399999999999995,2874754.2998961676,137369.75186469796,340.7090817052024
-3.912,2802715.4838690073,137274.6082543888,340.7086694241597
-3.8840000000000003,2732380.645141341,137177.0989845631,340.7075843000908
-3.856,2663708.319891539,137077.13252304948,340.70496131890155
-3.8280000000000003,2596659.4587721108,136974.62590502118,340.69816945012707
-3.8,2531197.2820676216,136869.51506736036,340.6810409491121
-3.7720000000000002,2467284.4019976296,136761.7505517263,340.64866136969624
-3.7439999999999998,2404883.3952159,136651.30542256788,340.5989876356762
-3.716,2343958.667669017,136538.12814035892,340.5339634382888
-3.6879999999999997,2284476.3567802575,136422.14557143152,340.45829694720953
-3.66,2226402.4271517256,136303.29686559347,340.37429886248117
-3.6319999999999997,2169703.6379184276,136181.513462338,340.28327903340016
-3.604,2114346.9798945975,136056.71937744116,340.18604034294253
-3.5759999999999996,2060300.7991248355,135928.8346384894,340.0832147597218
-3.548,2007534.729724687,135797.77024043523,339.97528016996046
-3.5199999999999996,1956018.5333635004,135663.45537464757,339.8625878109665
-3.492,1905722.682461924,135525.8175594723,339.7453310800111
-3.4639999999999995,1856618.0176118205,135384.7622003907,339.62358017430824
-3.436,1808676.4146677996,135240.18757515936,339.49735595127635
-3.4079999999999995,1761870.7393974196,135091.9904820589,339.3666327495168
-3.38,1716174.1460697148,134940.08540201528,339.2313574186745
-3.3520000000000003,1671560.4262349901,134784.3676870666,339.09144144286546
-3.324,1628003.9902443923,134624.69955815293,338.9467608296639
-3.2960000000000003,1585479.6651744994,134460.94238058032,338.79720008228304
-3.268,1543963.0720340724,134292.93876200126,338.64264619680836
-3.24,1503430.5938757625,134120.5589416672,338.48298878641805
-3.2119999999999997,1463858.9739175239,133943.70602084522,338.3181335138767
-3.184,1425225.5054031054,133762.22541350554,338.14796624941874
-3.1559999999999997,1387507.9114393466,133575.9387596965,337.97237561286374
-3.128,1350684.5692578305,133384.7214135152,337.7912629118112
-3.0999999999999996,1314734.4736648866,133188.44591425604,337.6045359233637
-3.072,1279636.996260541,132986.937059401,337.4121258631849
-3.0439999999999996,1245372.010312805,132780.05411107442,337.21395126054273
-3.016,1211919.866228602,132567.63004336797,337.0099179703053
-2.9879999999999995,1179261.3181820516,132349.47164839663,336.7998921796863
-2.96,1147377.6444644094,132125.42724987763,336.58368681257247
-2.9319999999999995,1116250.6376663048,131895.32076422535,336.361098867361
-2.904,1085862.4653399168,131658.97228775886,336.13185926020844
-2.8760000000000003,1056195.710140355,131416.24864909294,335.8957123846627
-2.848,1027233.3791664741,131167.0027865208,335.6524374155053
-2.8200000000000003,998958.8620364369,130911.0673078939,335.4017585089616
-2.792,971355.977292933,130648.3271400889,335.1434080215941
-2.7640000000000002,944408.968251856,130378.68349433629,334.87711468169545
-2.7359999999999998,918102.4199216813,130101.98809465395,334.60255963344235
-2.708,892421.3054052703,129818.07448797146,334.31944129911125
-2.6799999999999997,867350.9583872326,129526.73188414077,334.0274427089377
-2.652,842877.0384752532,129227.71224780516,333.72623012866404
-2.6239999999999997,818985.5909964495,128920.8015343431,333.4154879872868
-2.596,795663.0184524143,128605.76115348798,333.0948917690384
-2.5679999999999996,772896.039598238,128282.28273755955,332.76412481672094
-2.54,750671.6983048222,127950.04214970149,332.42286425701764
-2.5119999999999996,728977.3610327868,127608.65306256324,332.07079659194505
-2.484,707800.7077283276,127257.72211506606,331.70762398751
-2.4559999999999995,687129.7241850505,126896.90832331033,331.33305188680765
-2.428,666952.7240970659,126525.86265848826,330.94681132394504
-2.3999999999999995,647258.3005440278,126144.20699918222,330.5486201653566
-2.372,628035.3280965108,125751.55151393294,330.13816605560555
-2.3440000000000003,609272.9888710759,125347.50998086671,329.7151053297359
-2.316,590960.7287064372,124931.71343581771,329.2790459864257
-2.2880000000000003,573088.2599875013,124503.8380510658,328.82956423344484
-2.26,555645.5840351762,124063.48835485167,328.3662111604872
-2.232,538622.9769125322,123610.17870907538,327.8884577001098
-2.2039999999999997,522010.9623919532,123143.4607378041,327.39568658472837
-2.176,505800.29418154625,122662.90387117157,326.8872289888872
-2.1479999999999997,489982.02354519424,122168.06238118383,326.3623689698331
-2.12,474547.44871138164,121658.47473125746,325.82036267409
-2.0919999999999996,459488.0739527287,121133.58569879913,325.2604661511775
-2.064,444795.67103857594,120592.83671674652,324.681907648136
-2.0359999999999996,430462.2611928781,120035.70418294166,324.08389070022986
-2.008,416480.11677568196,119461.61372063955,323.46562431233906
-1.9799999999999995,402841.6777688328,118869.93271147128,322.8262658024979
-1.952,389539.6266253822,118259.98759742586,322.1649435987913
-1.9239999999999995,376566.9539544526,117631.09912717498,321.4807797701442
-1.896,363916.81113088346,116982.61961155197,320.7728516293651
-1.8679999999999994,351582.534252448,116313.92856101925,320.04018624877205
-1.8399999999999999,339557.7348692501,115624.34450388947,319.28177770626485
-1.8120000000000003,327836.2933897537,114913.11605415166,318.49657551227745
-1.7839999999999998,316412.20574017614,114179.51458595734,317.68345076563924
-1.7560000000000002,305279.6532939258,113422.8902417048,316.84119520084954
-1.7279999999999998,294433.16822560155,112642.65637882552,315.96856051331423
-1.7000000000000002,283867.42774034623,111838.17652278773,315.0642391165887
-1.6719999999999997,273577.231202609,111008.74174968596,314.12682025837375
-1.6440000000000001,263557.6562133002,110153.64295593782,313.15477263845185
-1.6159999999999997,253804.01632718337,109272.24528873581,312.1464734202912
-1.588,244311.75542195316,108363.93047204103,311.1002338875616
-1.5599999999999996,235076.4723103951,107427.98275259943,310.0142715563425
-1.532,226094.0268864645,106463.62225366506,308.8867456608528
-1.5039999999999996,217360.46793317207,105469.98162720581,307.71576300919156
-1.476,208871.94250264103,104446.07734110717,306.4993875370161
-1.4479999999999995,200624.80370844805,103390.88337262336,305.2356919166371
-1.42,192615.59916967468,102303.22554682217,303.9227715731594
-1.3919999999999995,184841.00414931471,101181.69539080438,302.55882788594494
-1.3639999999999999,177297.81177529332,100024.81846303903,301.1420865314442
-1.3360000000000003,169982.98217628032,98831.29122877258,299.6707774066327
-1.3079999999999998,162893.6495022223,97599.71292864517,298.14323997457933
-1.2800000000000002,156026.95023289835,96328.38701257395,296.5579232998986
-1.2519999999999998,149380.13076722834,95015.75028220362,294.9133492751933
-1.2240000000000002,142950.6236559431,93660.45917885391,293.20811504926604
-1.1959999999999997,136735.88241636442,92260.91839767432,291.44078354007536
-1.1680000000000001,130733.3387191947,90815.45667322537,289.60969924153795
-1.1399999999999997,124940.50796797613,89323.11456149013,287.7130075999262
-1.112,119354.97681972859,87782.81676646574,285.7485197582364
-1.0839999999999996,113974.24085658521,86192.97850930117,283.71375715575095
-1.056,108795.7568735903,84552.5655500667,281.60593161956854
-1.0279999999999996,103816.99720774198,82860.59684031794,279.4217923812972
-1.0,99035.31499898367,81115.39265778809,277.1577389590845
-0.9719999999999995,94447.89490332312,79315.72254478384,274.80983117532907
-0.944,90051.84158514788,77461.06727283681,272.3738098694796
-0.9159999999999995,85844.17262196123,75550.60994536093,269.84517851236643
-0.8879999999999999,81821.66857826934,73584.49215127924,267.219234249686
-0.8599999999999994,77980.85837832336,71563.74225661778,264.4910538427642
-0.8319999999999999,74318.10389623241,69488.76963791177,261.65555085324013
-0.8040000000000003,70829.5507268888,67360.21268459712,258.70749686927667
-0.7759999999999998,67511.06215135197,65179.592856495365,255.64152593502115
-0.7480000000000002,64358.22960385587,62948.97482286491,252.45218651624666
-0.7199999999999998,61366.3813292297,60672.14115732364,249.13393141948498
-0.6920000000000002,58530.558698812674,58356.16445259026,245.6811701732798
-0.6639999999999997,55845.50654613547,56009.8412288134,242.0883083117264
-0.6360000000000001,53305.71955112192,53643.812595544645,238.34969480992075
-0.6079999999999997,50905.44278588038,51269.53080335339,234.45989440837823
-0.5800000000000001,48638.632333070134,48895.44991998784,230.4138787433196
-0.5519999999999996,46498.997727611306,46528.83752965373,226.20701510383535
-0.524,44480.07629986013,44179.135220158096,221.83533649924942
-0.4959999999999995,42575.25398535333,41859.68683890816,217.29547124017336
-0.46799999999999997,40777.758616494626,39588.43448916922,212.5848049218929
-0.4399999999999995,39080.693098250624,37383.1199676101,207.70211375564924
-0.4119999999999999,37477.12352632616,35255.75839478211,202.64826620301372
-0.38399999999999945,35960.13319745611,33212.05497981917,197.42663572086084
-0.35599999999999987,34522.834335966756,31253.627738145555,192.04407522279618
-0.3279999999999994,33158.41910979846,29381.9520733308,186.5111268308475
-0.2999999999999998,31860.247377599593,27598.86874762409,180.8408999593132
-0.27200000000000024,30621.844785467627,25905.641300642175,175.0484803973562
-0.24399999999999974,29436.998490571932,24304.189475523737,169.1501208304302
-0.21600000000000016,28299.83131444174,22795.297677478608,163.16341979892422
-0.18799999999999972,27204.746440364244,21377.331741162667,157.10924856004146
-0.16000000000000011,26146.513131987733,20046.632900494573,151.01321784404826
-0.13199999999999965,25120.3733862417,18797.927584561636,144.9051332282706
-0.10400000000000012,24122.010912373826,17626.15820388002,138.81608404365306
-0.07599999999999964,23147.49595261271,16526.32509158599,132.77494417465587
-0.04800000000000003,22193.427662171023,15493.067950594314,126.80649497099894
-0.019999999999999574,21256.96152517719,14521.378841290376,120.93113909442347
0.008000000000000921,20335.69761092146,13607.07963183322,115.16653161636177
0.03599999999999957,19427.68901610418,12747.109580170447,109.52908385865182
0.06400000000000007,18531.55589054241,11937.954978113587,104.03406044334666
0.09200000000000053,17646.427137675793,11175.12767777841,98.69618008785135
0.120000000000001,16771.809437713157,10455.171632021578,93.52830363844232
0.1479999999999997,15907.63377129091,9775.793121192584,88.53984868145847
0.17600000000000013,15054.304427812353,9134.68131663097,83.73726083461057
0.20400000000000063,14212.587261070581,8529.31712932614,79.12386152518715
0.23199999999999935,13383.50934779602,7957.627768992955,74.69993371866774
0.2599999999999998,12568.387279208122,7418.090946674543,70.46382235466479
0.28800000000000026,11768.819412656943,6909.12660605034,66.41237687194885
0.3160000000000008,10986.566464943664,6428.996003669908,62.54135682401444
0.3439999999999994,10223.458552703923,5976.1075679488495,58.84620690998227
0.3719999999999999,9481.427842821482,5549.166635988045,55.32214520782443
0.4000000000000004,8762.454060342387,5146.992151334274,51.96408382271677
0.4280000000000008,8068.458204351106,4768.4139786986525,48.76673946667293
0.4559999999999995,7401.240100141876,4412.387394754812,45.724962915999775
0.484,6762.495562956606,4077.9721619216834,42.8337227679587
0.5120000000000005,6153.745877906858,3764.1639501025934,40.08808990226919
0.5400000000000009,5576.2844506137835,3469.934448238693,37.48341086260212
0.5679999999999996,5031.143811397159,3194.299279524315,35.01516000240946
0.5960000000000001,4519.094098933072,2936.3655580181094,32.67879003705395
0.6240000000000006,4040.622699677319,2695.3164434138653,30.46974801168238
0.652000000000001,3595.906617592276,2470.3509593637204,28.383318238016308
0.6799999999999997,3184.81994724694,2260.6578882471495,26.41463599390411
0.7080000000000002,2806.9448598821205,2065.4013342866865,24.558935135502377
0.7360000000000007,2461.5871978283817,1883.745376267241,22.81151556405529
0.7639999999999993,2147.7853543051506,1714.9174774129497,21.16768477522665
0.7919999999999998,1864.3485747004718,1558.235288746302,19.62288893041545
0.8200000000000003,1609.8837219088498,1413.0751439077562,18.172636596390188
0.8480000000000008,1382.8294332816995,1278.8291675654873,16.812404507434582
0.8759999999999994,1181.4794245038684,1154.8738512801137,15.53776078681544
0.9039999999999999,1004.0428042419597,1040.5845090573928,14.344398244017388
0.9320000000000004,848.6727882231972,935.3513803786693,13.228128947946123
0.9600000000000009,713.4911073378757,838.6032593570467,12.184965706854939
0.9879999999999995,596.6213385912334,749.8283136726952,11.21108878408102
1.016,496.2352327908743,668.5379166152892,10.302771361568889
1.0440000000000005,410.5675886623761,594.2393828766511,9.456422676496059
1.072000000000001,337.92912687768967,526.4523615877733,8.66859105682004
1.0999999999999996,276.7310480531827,464.720710100785,7.9359600010291835
1.1280000000000001,225.5045045094331,408.61158150792625,7.25538574860963
1.1560000000000006,182.89912241201006,357.7360442390055,6.623906507870631
1.184000000000001,147.6834526881984,311.74593833327356,6.038693128229118
1.2119999999999997,118.75513404094954,270.321643831576,5.4970167926135085
1.2400000000000002,95.13727213573378,233.1390740806217,4.996264450438222
1.2680000000000007,75.96871848401018,199.86464576471406,4.533929416796969
1.2959999999999994,60.497859583631474,170.21471373116555,4.1076145255400816
1.3239999999999998,48.07977184298335,143.92960311831163,3.7150530658490797
1.3520000000000003,38.163519129403426,120.74237052797564,3.354084983679892
1.3800000000000008,30.281874185302243,100.40551245504886,3.0226365889011166
1.4079999999999995,24.043537483782757,82.70183732116104,2.7187344176726893
1.436,19.124405117847775,67.40082329428023,2.440500049573868
1.4640000000000004,15.257025131265685,54.27106675117297,2.1861461845457986
1.4920000000000009,12.222840257304501,43.12374914726933,1.954002999058202
1.5199999999999996,9.84529493069625,33.778306901120814,1.7425089975626638
1.548,7.982687537961896,26.046093945731577,1.5501836722448243
1.5760000000000005,6.521720023709324,19.73872343062518,1.3756318335969435
1.604000000000001,5.37291420506697,14.67723114084765,1.2175374602199378
1.6319999999999997,4.466128031762325,10.679400008818869,1.074654456542023
1.6600000000000001,3.7465295822873714,7.580970552453392,0.9458171236811577
1.6880000000000006,3.1715175562892832,5.246276456079247,0.8299335639283554
1.716000000000001,2.7083127849969655,3.535211110946053,0.7259758026625153
1.7439999999999998,2.3317651613310364,2.317967735685004,0.6329776675108479
1.7720000000000002,2.0225809772368115,1.480407745699143,0.5500311419474969
1.8000000000000007,1.7660475583850843,0.9188656726891493,0.4762837490267286
1.8279999999999994,1.5509826881501265,0.5513803318586062,0.41094334590155984
1.8559999999999999,1.36886067240029,0.317727749531834,0.35327554909554004
1.8840000000000003,1.2131586197523174,0.17416802587744062,0.30259168448244417
1.9120000000000008,1.0788895014966384,0.09011085381411446,0.2582407005629555
1.9399999999999995,0.9622163179649499,0.04411384393212888,0.21960383702950886
1.968,0.860156788327554,0.020554771964667047,0.18609885626858463
1.9960000000000004,0.7703722633372951,0.009159401682642272,0.1571785313156689
2.024000000000001,0.6910141324150938,0.003903115474777299,0.13233291107157208
2.0519999999999996,0.6205984656869781,0.0015800381445500297,0.11108733670866175
2.08,0.557918667090813,0.0006016849140107116,0.09299736025535774
2.1080000000000005,0.5019810140281592,0.0002140918911596699,0.07765158632609714
2.136000000000001,0.4519567776540605,7.151973829436175e-05,0.06467299437817334
2.1639999999999997,0.40714648986130386,2.249677156393769e-05,0.053722061573068206
2.192,0.36695281691611603,6.722087633263665e-06,0.04449945183849697
2.2200000000000006,0.3308606048403296,1.911351367137772e-06,0.03674532375009343
2.2479999999999993,0.298422681756521,5.095579895352333e-07,0.030235781802504653
2.276,0.26924790061719356,1.2477366767493672e-07,0.024779363355170936
2.3040000000000003,0.2429920906561982,2.7712644672494626e-08,0.02021330269047973
2.3320000000000007,0.21935103553572916,5.607641285175436e-09,0.016399860246403393
2.3599999999999994,0.19805485407355433,1.0541854475304054e-09,0.013223320366464618
2.388,0.17886362350875928,1.874669979130438e-10,0.010586511591454835
2.4160000000000004,0.16156343891036176,3.1693476977399396e-11,0.008407481624269934
2.444000000000001,0.14596309300452345,5.005470641525188e-12,0.006616873114145256
2.4719999999999995,0.13189163941597437,7.334274150889755e-13,0.0051554145368377675
2.5,0.11919605109524989,9.958299133372768e-14,0.0039720823622322
2.5280000000000005,0.1077391110288727,1.2467704965541768e-14,0.003022847886646924
2.556000000000001,0.09739766137686556,1.4491249155086446e-15,0.0022696184371836714
2.5839999999999996,0.08806109448269354,1.5953018523092024e-16,0.0016792080459794682
2.612,0.07963006273241756,1.6496888204434145e-17,0.0012226982728090604
2.6400000000000006,0.07201529740560202,1.5628228139392502e-18,0.0008749701237410467
2.668000000000001,0.0651365166346451,1.350888111118307e-19,0.0006144295051008187
2.6959999999999997,0.058921506294845966,1.0697634236851296e-20,0.00042270853301167564
2.724,0.053305283772591444,7.707601611938405e-22,0.0002844574236604468
2.7520000000000007,0.04822933769532636,5.1814036751293985e-23,0.00018697807909349843
2.7799999999999994,0.04364097700132078,3.3051241838365355e-24,0.000119866621632524
2.808,0.03949274325343274,1.976027932196587e-25,7.483287682446585e-05
2.8360000000000003,0.035741885576707516,1.0875636287355275e-26,4.5401367086226346e-05
2.8640000000000008,0.03234989529226209,5.507275739307689e-28,2.6681234943213163e-05
2.8919999999999995,0.029282055633960465,2.5838559369786176e-29,1.512243304820137e-05
2.92,0.026507047866369322,1.1147223305519512e-30,8.22657958389083e-06
2.9480000000000004,0.023996621434277922,4.5251756135469036e-32,4.274747757906103e-06
2.976000000000001,0.021725290894021775,1.750484066699243e-33,2.1167768778445127e-06
3.0039999999999996,0.01967007529907247,6.259992558992857e-35,9.998984111167485e-07
3.032,0.01781024455992663,1.983238442204291e-36,4.514793461543477e-07
3.0600000000000005,0.016127080864881856,5.722096623228781e-38,1.950206632495923e-07
3.088000000000001,0.014603679440428763,1.5196024554435115e-39,8.039155222134735e-08
3.1159999999999997,0.013224765330653504,3.732259183949918e-41,3.146075555637209e-08
3.144,0.011976534069791274,8.62986158812773e-43,1.1623562464227608e-08
3.1720000000000006,0.010846519247610514,1.9055390086608817e-44,4.047205957084235e-09
3.200000000000001,0.00982346179882026,3.9131071670997305e-46,1.3296245236565108e-09
3.2279999999999998,0.008897191358648714,7.22294144324776e-48,4.1292109743247423e-10
3.2560000000000002,0.008058516291565886,1.2156209632164345e-49,1.2163370410060899e-10
3.2840000000000007,0.0072991166883532264,1.9258272933890423e-51,3.3824095310255154e-11
3.3119999999999994,0.006611461054826682,2.837270664130797e-53,8.78432601743287e-12
3.34,0.0059887382864724035,3.92240127480144e-55,2.0979809859822214e-12
3.3680000000000003,0.005424790377052356,5.155556890982816e-57,4.563525170248042e-13
3.396000000000001,0.004914053881992439,6.140326757204582e-59,9.038838627635645e-14
3.4239999999999995,0.004451498412495189,6.0942691923743525e-61,1.597189566748783e-14
3.452,0.004032567248591441,4.890772233173404e-63,2.4732820279813364e-15
3.4800000000000004,0.0036531347795526075,2.674797655890045e-65,3.203988631307493e-16
3.508000000000001,0.0033094636020546075,8.72964033601739e-68,3.2488685586717173e-17
3.5359999999999996,0.002998169440930821,1.6651409341465956e-70,2.350684168942956e-18
3.564,0.0027161935416999744,5.108468611391214e-74,7.762351715909305e-20
3.5920000000000005,0.0024607705271828565,4.290494967109103e-79,5.435432032085261e-22
3.620000000000001,0.0022293979082416674,5.732774900716671e-85,1.1846041015365433e-24
3.6479999999999997,0.002019808793457694,8.615890872913526e-93,2.1298381976032086e-28
3.676,0.001829946850988375,3.872558958914328e-99,1.3629324906586656e-33
3.7040000000000006,0.0016579488985864928,3.8287297827540176e-99,2.12148802846281e-50
3.732000000000001,0.0015021287069160755,3.78479948598954e-99,2.3026321235074246e-94
3.76,0.0013609615206711671,3.740385037347554e-99,1.750328204036849e-99
3.7880000000000003,0.0012330688326389204,3.695627056878754e-99,1.730445933984433e-99
3.8160000000000007,0.0011172025229303911,3.6506002884140184e-99,1.7102948759360818e-99
3.8439999999999994,0.0010122307447292228,3.6053605590769275e-99,1.6899308570153734e-99
3.872,0.0009171267479467086,3.5599555332250717e-99,1.6694015415799017e-99
3.9000000000000004,0.0008309598138524193,3.514398630893667e-99,1.6487203496648812e-99
3.928000000000001,0.0007528876384859508,3.468702182576835e-99,1.6278996117644333e-99
3.9559999999999995,0.000682148817296902,3.4228974081160296e-99,1.6069705477200106e-99
3.984,0.0006180548501420295,3.376993102256063e-99,1.5859419522764285e-99
4.0120000000000005,0.0005599820266394234,3.330994727800715e-99,1.5648192882374647e-99
4.040000000000001,0.0005073644175937903,3.2849262464667643e-99,1.5436265173198981e-99
4.068,0.0004596884042955331,3.2387915060863993e-99,1.522367487355916e-99
4.096,0.0004164883434257692,3.1925941433026444e-99,1.5010458349885454e-99
4.1240000000000006,0.00037734299759097935,3.1463375951605415e-99,1.4796649972628268e-99
4.152000000000001,0.00034187155343310424,3.1000251100621208e-99,1.4582282225807905e-99
4.18,0.00030972962068035576,3.0536597581201218e-99,1.4367385810551742e-99
4.208,0.00028060515543050664,3.0072444409434298e-99,1.4151989742948663e-99
4.236000000000001,0.0002542148057240396,2.9607819008854665e-99,1.3936121446532873e-99
4.264000000000001,0.00023030130054682777,2.9142747297849513e-99,1.3719806839691565e-99
4.292,0.00020863147341470477,2.8677354804233935e-99,1.3503171450239814e-99
4.32,0.00018899435013744158,2.821165913423536e-99,1.328623288440508e-99
4.348000000000001,0.00017119930322344657,2.7745575895794934e-99,1.3068906750128496e-99
4.3759999999999994,0.0001550738979692713,2.727921409514895e-99,1.2851302053646341e-99
4.404,0.00014046179079337694,2.681258902124819e-99,1.2633434083909428e-99
4.432,0.0001272209827841981,2.6345627389452906e-99,1.2415229556277983e-99
4.460000000000001,0.0001152225091359375,2.587842385893914e-99,1.219678312992806e-99
4.4879999999999995,0.00010434947842232819,2.5410991706373823e-99,1.197810808152657e-99
4.516,9.449615651750086e-05,2.494333729427794e-99,1.1759210773594532e-99
4.5440000000000005,8.556701192479544e-05,2.4475472821417073e-99,1.1540103404897504e-99
4.572000000000001,7.74756280341983e-05,2.400740413375414e-99,1.1320791821398414e-99
4.6,7.014361430177053e-05,2.353914243966564e-99,1.110128723147374e-99
4.628,6.349975430958185e-05,2.307069311049446e-99,1.08815950064664e-99
4.656000000000001,5.747935624738143e-05,2.2602066444635373e-99,1.0661725444771156e-99
4.684000000000001,5.202377389945065e-05,2.213326737734463e-99,1.0441683481644255e-99
4.712,4.707997365243648e-05,2.166430537091456e-99,1.0221478579378013e-99
4.74,4.2600043077744787e-05,2.119518495991951e-99,1.0001115272546804e-99
4.768000000000001,3.8540640969393976e-05,2.072596334024084e-99,9.780650757031977e-100
4.796000000000001,3.486244391734682e-05,2.025659617649124e-99,9.560040697446216e-100
4.824,3.152970912627105e-05,1.978708751914271e-99,9.339289144261515e-100
4.852,2.8509962631735288e-05,1.93174884579545e-99,9.118447187237147e-100
4.880000000000001,2.577376714388225e-05,1.884775939069981e-99,8.897475224146295e-100
4.9079999999999995,2.329450394122169e-05,1.837790393543006e-99,8.676376873040374e-100
4.936,2.1048129440218417e-05,1.790796772766028e-99,8.455197769434436e-100
4.964,1.9012894458640405e-05,1.7437915393021064e-99,8.233902538959062e-100
4.992000000000001,1.7169062432283963e-05,1.696775016330762e-99,8.012494413409459e-100
5.02,1.5498687052451176e-05,1.6497512802075435e-99,7.791014156341102e-100
5.048,1.3985460441253944e-05,1.602717171145451e-99,7.569430169884019e-100
5.0760000000000005,1.2614599142150304e-05,1.5556729778219854e-99,7.347745340813206e-100
5.104000000000001,1.1372735511956593e-05,1.5086223414088328e-99,7.125996080845521e-100
5.132,1.0247798110880604e-05,1.46156243945177e-99,6.904154165438721e-100
5.16,9.228868739915812e-06,1.4144935298096362e-99,6.682222173181225e-100
5.188000000000001,8.306037814789607e-06,1.36741886492965e-99,6.460232628545205e-100
5.216000000000001,7.470292094863234e-06,1.320335923677358e-99,6.238160320186126e-100
5.244,6.7134394814422955e-06,1.2732449363830947e-99,6.016007551407319e-100
5.272,6.02805276464143e-06,1.2261488082690748e-99,5.793803374430963e-100
5.300000000000001,5.407416871418512e-06,1.1790476824036259e-99,5.571549219940316e-100
5.327999999999999,4.845468962243464e-06,1.1319393694761367e-99,5.34922319482925e-100
5.356,4.336725876725567e-06,1.0848240695015743e-99,5.126827299247468e-100
5.384,3.876211184558996e-06,1.0377043053258914e-99,4.904386761654481e-100
5.412000000000001,3.459397973058996e-06,9.905802011872065e-100,4.681902824431475e-100
5.4399999999999995,3.0821706012689616e-06,9.434498559251307e-100,4.459356475974544e-100
5.468,2.740796809235437e-06,8.963134432292854e-100,4.236749453179934e-100
5.496,2.4319020151270793e-06,8.491731538965223e-100,4.014103664016145e-100
5.524000000000001,2.152439888670817e-06,8.02029095813127e-100,3.791420187346034e-100
5.552,1.8996564198539886e-06,7.548796180435009e-100,3.568682513813599e-100
5.58,1.671052824641377e-06,7.077248714167793e-100,3.3458921517102254e-100
5.6080000000000005,1.464355734703352e-06,6.605667583839781e-100,3.123068125546055e-100
5.636000000000001,1.2774974404416736e-06,6.13405372631727e-100,2.9002113721873865e-100
5.664,1.108602079003261e-06,5.662408052393726e-100,2.677322802427669e-100
5.692,9.559734385876022e-07,5.190716624604302e-100,2.4543884788020867e-100
5.720000000000001,8.180807478272678e-07,4.718980716272981e-100,2.231409674634607e-100
5.748000000000001,6.935407630527805e-07,4.247216388198241e-100,2.0084024507237093e-100
5.776,5.810989186109523e-07,3.7754244312977625e-100,1.785367597987057e-100
5.804,4.796138172827844e-07,3.3036056144780024e-100,1.562305885331139e-100
5.832000000000001,3.880467519948278e-07,2.831748171506285e-100,1.3392055465232637e-100
5.859999999999999,3.0545468798383547e-07,2.359853177343271e-100,1.1160676565240757e-100
5.888,2.3098467244561729e-07,1.8879341907741768e-100,8.929057741188237e-101
5.916,1.63867298928797e-07,1.4159918795044763e-100,6.697205670129654e-101
5.944000000000001,1.0340780332301524e-07,9.440268926574601e-101,4.4651268432979146e-101
5.9719999999999995,4.897635315068544e-08,4.720292969896172e-101,2.2327219282577495e-101
6.0,0.0,0.0,0.0
